GL000008.2	832	659	173
GL000009.2	1289	172	1117
GL000194.1	1768	18	1750
GL000195.1	4167	1945	2222
GL000205.2	3247	94	3153
GL000208.1	1	0	1
GL000213.1	6	0	6
GL000214.1	2553	418	2135
GL000216.2	5	2	3
GL000218.1	1186	40	1146
GL000219.1	1928	163	1765
GL000220.1	476618	466796	9822
GL000221.1	339	167	172
GL000224.1	678	620	58
GL000225.1	0	0	0
GL000226.1	0	0	0
KI270302.1	0	0	0
KI270303.1	0	0	0
KI270304.1	0	0	0
KI270305.1	0	0	0
KI270310.1	0	0	0
KI270311.1	0	0	0
KI270312.1	0	0	0
KI270315.1	0	0	0
KI270316.1	0	0	0
KI270317.1	0	0	0
KI270320.1	0	0	0
KI270322.1	0	0	0
KI270329.1	0	0	0
KI270330.1	8	8	0
KI270333.1	0	0	0
KI270334.1	0	0	0
KI270335.1	0	0	0
KI270336.1	0	0	0
KI270337.1	0	0	0
KI270338.1	0	0	0
KI270340.1	0	0	0
KI270362.1	0	0	0
KI270363.1	0	0	0
KI270364.1	0	0	0
KI270366.1	0	0	0
KI270371.1	0	0	0
KI270372.1	0	0	0
KI270373.1	0	0	0
KI270374.1	0	0	0
KI270375.1	0	0	0
KI270376.1	0	0	0
KI270378.1	0	0	0
KI270379.1	0	0	0
KI270381.1	0	0	0
KI270382.1	0	0	0
KI270383.1	0	0	0
KI270384.1	0	0	0
KI270385.1	0	0	0
KI270386.1	0	0	0
KI270387.1	0	0	0
KI270388.1	0	0	0
KI270389.1	0	0	0
KI270390.1	0	0	0
KI270391.1	0	0	0
KI270392.1	0	0	0
KI270393.1	0	0	0
KI270394.1	0	0	0
KI270395.1	0	0	0
KI270396.1	0	0	0
KI270411.1	0	0	0
KI270412.1	0	0	0
KI270414.1	0	0	0
KI270417.1	0	0	0
KI270418.1	0	0	0
KI270419.1	0	0	0
KI270420.1	0	0	0
KI270422.1	0	0	0
KI270423.1	0	0	0
KI270424.1	0	0	0
KI270425.1	0	0	0
KI270429.1	0	0	0
KI270435.1	10	10	0
KI270438.1	1	1	0
KI270442.1	484	255	229
KI270448.1	1	0	1
KI270465.1	0	0	0
KI270466.1	0	0	0
KI270467.1	0	0	0
KI270468.1	0	0	0
KI270507.1	0	0	0
KI270508.1	0	0	0
KI270509.1	0	0	0
KI270510.1	0	0	0
KI270511.1	0	0	0
KI270512.1	0	0	0
KI270515.1	0	0	0
KI270516.1	0	0	0
KI270517.1	0	0	0
KI270518.1	0	0	0
KI270519.1	0	0	0
KI270521.1	1	0	1
KI270522.1	0	0	0
KI270528.1	0	0	0
KI270529.1	0	0	0
KI270530.1	0	0	0
KI270538.1	0	0	0
KI270539.1	0	0	0
KI270544.1	0	0	0
KI270548.1	0	0	0
KI270579.1	1	1	0
KI270580.1	0	0	0
KI270581.1	1	0	1
KI270582.1	0	0	0
KI270583.1	0	0	0
KI270584.1	0	0	0
KI270587.1	0	0	0
KI270588.1	0	0	0
KI270589.1	2	0	2
KI270590.1	0	0	0
KI270591.1	0	0	0
KI270593.1	0	0	0
KI270706.1	995	839	156
KI270707.1	63	46	17
KI270708.1	9	6	3
KI270709.1	0	0	0
KI270710.1	0	0	0
KI270711.1	3562	68	3494
KI270712.1	327	130	197
KI270713.1	33	28	5
KI270714.1	341	3	338
KI270715.1	0	0	0
KI270716.1	0	0	0
KI270717.1	3	3	0
KI270718.1	254	84	170
KI270719.1	223	66	157
KI270720.1	820	38	782
KI270721.1	317	287	30
KI270722.1	118	108	10
KI270723.1	4	4	0
KI270724.1	9	3	6
KI270725.1	4	3	1
KI270726.1	1708	541	1167
KI270727.1	104	4	100
KI270728.1	512	387	125
KI270729.1	1	0	1
KI270730.1	0	0	0
KI270731.1	147	69	78
KI270732.1	2	0	2
KI270733.1	442405	433898	8507
KI270734.1	256	160	96
KI270735.1	0	0	0
KI270736.1	1	1	0
KI270737.1	1	0	1
KI270738.1	0	0	0
KI270739.1	0	0	0
KI270740.1	0	0	0
KI270741.1	868	867	1
KI270742.1	618	182	436
KI270743.1	742	456	286
KI270744.1	4796	338	4458
KI270745.1	320	320	0
KI270746.1	4	0	4
KI270747.1	0	0	0
KI270748.1	19	19	0
KI270749.1	4	4	0
KI270750.1	2	2	0
KI270751.1	795	642	153
KI270752.1	0	0	0
KI270753.1	0	0	0
KI270754.1	31	1	30
KI270755.1	0	0	0
KI270756.1	0	0	0
KI270757.1	2	2	0
chr1	4846757	2212404	2634353
chr10	1434657	791110	643547
chr11	2314230	1086678	1227552
chr12	2623745	1368794	1254951
chr13	604752	283179	321573
chr14	1434666	676543	758123
chr15	1264645	607859	656786
chr16	1784510	992006	792504
chr17	3110028	1465179	1644849
chr18	506816	201708	305108
chr19	2537651	1452604	1085047
chr2	2983169	1620831	1362338
chr20	1079007	651830	427177
chr21	987268	783301	203967
chr22	848504	429808	418696
chr3	1996000	982352	1013648
chr4	1365971	691110	674861
chr5	1928566	1056530	872036
chr6	2008224	965034	1043190
chr7	2800623	1277997	1522626
chr8	1208780	492759	716021
chr9	1618346	795445	822901
chrM	1464864	1381455	83409
chrX	1258023	600675	657348
chrY	26493	4596	21897
