GL000008.2	890	643	247
GL000009.2	1299	247	1052
GL000194.1	1616	50	1566
GL000195.1	4124	1993	2131
GL000205.2	3534	133	3401
GL000208.1	1	0	1
GL000213.1	22	2	20
GL000214.1	2900	365	2535
GL000216.2	5	0	5
GL000218.1	1117	38	1079
GL000219.1	2221	207	2014
GL000220.1	309947	302235	7712
GL000221.1	340	151	189
GL000224.1	648	562	86
GL000225.1	3	3	0
GL000226.1	0	0	0
KI270302.1	0	0	0
KI270303.1	0	0	0
KI270304.1	0	0	0
KI270305.1	0	0	0
KI270310.1	0	0	0
KI270311.1	0	0	0
KI270312.1	0	0	0
KI270315.1	0	0	0
KI270316.1	0	0	0
KI270317.1	0	0	0
KI270320.1	0	0	0
KI270322.1	0	0	0
KI270329.1	0	0	0
KI270330.1	7	7	0
KI270333.1	0	0	0
KI270334.1	0	0	0
KI270335.1	0	0	0
KI270336.1	0	0	0
KI270337.1	0	0	0
KI270338.1	0	0	0
KI270340.1	0	0	0
KI270362.1	0	0	0
KI270363.1	0	0	0
KI270364.1	0	0	0
KI270366.1	0	0	0
KI270371.1	0	0	0
KI270372.1	0	0	0
KI270373.1	0	0	0
KI270374.1	0	0	0
KI270375.1	0	0	0
KI270376.1	0	0	0
KI270378.1	0	0	0
KI270379.1	0	0	0
KI270381.1	0	0	0
KI270382.1	0	0	0
KI270383.1	0	0	0
KI270384.1	0	0	0
KI270385.1	0	0	0
KI270386.1	0	0	0
KI270387.1	0	0	0
KI270388.1	0	0	0
KI270389.1	0	0	0
KI270390.1	0	0	0
KI270391.1	0	0	0
KI270392.1	0	0	0
KI270393.1	0	0	0
KI270394.1	0	0	0
KI270395.1	0	0	0
KI270396.1	0	0	0
KI270411.1	0	0	0
KI270412.1	0	0	0
KI270414.1	0	0	0
KI270417.1	0	0	0
KI270418.1	0	0	0
KI270419.1	0	0	0
KI270420.1	0	0	0
KI270422.1	0	0	0
KI270423.1	0	0	0
KI270424.1	0	0	0
KI270425.1	0	0	0
KI270429.1	0	0	0
KI270435.1	17	14	3
KI270438.1	2	2	0
KI270442.1	539	292	247
KI270448.1	0	0	0
KI270465.1	0	0	0
KI270466.1	0	0	0
KI270467.1	0	0	0
KI270468.1	0	0	0
KI270507.1	0	0	0
KI270508.1	3	3	0
KI270509.1	0	0	0
KI270510.1	0	0	0
KI270511.1	0	0	0
KI270512.1	0	0	0
KI270515.1	0	0	0
KI270516.1	0	0	0
KI270517.1	0	0	0
KI270518.1	0	0	0
KI270519.1	0	0	0
KI270521.1	0	0	0
KI270522.1	0	0	0
KI270528.1	0	0	0
KI270529.1	0	0	0
KI270530.1	0	0	0
KI270538.1	0	0	0
KI270539.1	0	0	0
KI270544.1	0	0	0
KI270548.1	0	0	0
KI270579.1	0	0	0
KI270580.1	0	0	0
KI270581.1	3	1	2
KI270582.1	0	0	0
KI270583.1	0	0	0
KI270584.1	0	0	0
KI270587.1	0	0	0
KI270588.1	0	0	0
KI270589.1	0	0	0
KI270590.1	0	0	0
KI270591.1	0	0	0
KI270593.1	0	0	0
KI270706.1	1037	848	189
KI270707.1	37	32	5
KI270708.1	18	8	10
KI270709.1	0	0	0
KI270710.1	2	2	0
KI270711.1	3478	50	3428
KI270712.1	371	149	222
KI270713.1	64	48	16
KI270714.1	374	6	368
KI270715.1	0	0	0
KI270716.1	0	0	0
KI270717.1	0	0	0
KI270718.1	199	83	116
KI270719.1	265	73	192
KI270720.1	875	41	834
KI270721.1	342	299	43
KI270722.1	101	90	11
KI270723.1	1	0	1
KI270724.1	7	1	6
KI270725.1	3	1	2
KI270726.1	2071	673	1398
KI270727.1	160	6	154
KI270728.1	622	410	212
KI270729.1	1	1	0
KI270730.1	0	0	0
KI270731.1	190	111	79
KI270732.1	1	1	0
KI270733.1	282283	275561	6722
KI270734.1	283	172	111
KI270735.1	0	0	0
KI270736.1	1	1	0
KI270737.1	1	0	1
KI270738.1	1	0	1
KI270739.1	0	0	0
KI270740.1	0	0	0
KI270741.1	880	876	4
KI270742.1	577	190	387
KI270743.1	746	425	321
KI270744.1	5342	431	4911
KI270745.1	318	313	5
KI270746.1	4	0	4
KI270747.1	0	0	0
KI270748.1	12	10	2
KI270749.1	1	0	1
KI270750.1	1	1	0
KI270751.1	900	748	152
KI270752.1	2	2	0
KI270753.1	0	0	0
KI270754.1	21	0	21
KI270755.1	1	1	0
KI270756.1	0	0	0
KI270757.1	3	3	0
chr1	5545602	2548685	2996917
chr10	1630051	904232	725819
chr11	2635105	1230833	1404272
chr12	2968224	1558005	1410219
chr13	681445	320160	361285
chr14	1660509	793080	867429
chr15	1429697	678648	751049
chr16	2037519	1130866	906653
chr17	3531294	1679116	1852178
chr18	569171	224485	344686
chr19	2950871	1687030	1263841
chr2	3373428	1830145	1543283
chr20	1240854	750071	490783
chr21	783876	553940	229936
chr22	961774	481200	480574
chr3	2291419	1121308	1170111
chr4	1559915	789324	770591
chr5	2194016	1184671	1009345
chr6	2314189	1112313	1201876
chr7	3097381	1423590	1673791
chr8	1385880	556309	829571
chr9	1850475	903852	946623
chrM	2343437	2227570	115867
chrX	1419093	691413	727680
chrY	32392	5310	27082
