GL000008.2	784	588	196
GL000009.2	1094	279	815
GL000194.1	1643	40	1603
GL000195.1	4647	2247	2400
GL000205.2	4064	102	3962
GL000208.1	4	0	4
GL000213.1	29	2	27
GL000214.1	3503	445	3058
GL000216.2	1	0	1
GL000218.1	1106	62	1044
GL000219.1	2667	240	2427
GL000220.1	436380	424602	11778
GL000221.1	364	213	151
GL000224.1	669	578	91
GL000225.1	13	13	0
GL000226.1	0	0	0
KI270302.1	0	0	0
KI270303.1	0	0	0
KI270304.1	0	0	0
KI270305.1	0	0	0
KI270310.1	0	0	0
KI270311.1	0	0	0
KI270312.1	0	0	0
KI270315.1	0	0	0
KI270316.1	0	0	0
KI270317.1	0	0	0
KI270320.1	0	0	0
KI270322.1	0	0	0
KI270329.1	0	0	0
KI270330.1	4	3	1
KI270333.1	0	0	0
KI270334.1	0	0	0
KI270335.1	0	0	0
KI270336.1	0	0	0
KI270337.1	0	0	0
KI270338.1	0	0	0
KI270340.1	0	0	0
KI270362.1	0	0	0
KI270363.1	0	0	0
KI270364.1	0	0	0
KI270366.1	0	0	0
KI270371.1	0	0	0
KI270372.1	0	0	0
KI270373.1	0	0	0
KI270374.1	0	0	0
KI270375.1	0	0	0
KI270376.1	0	0	0
KI270378.1	0	0	0
KI270379.1	0	0	0
KI270381.1	0	0	0
KI270382.1	0	0	0
KI270383.1	0	0	0
KI270384.1	0	0	0
KI270385.1	0	0	0
KI270386.1	0	0	0
KI270387.1	0	0	0
KI270388.1	0	0	0
KI270389.1	0	0	0
KI270390.1	0	0	0
KI270391.1	0	0	0
KI270392.1	0	0	0
KI270393.1	0	0	0
KI270394.1	0	0	0
KI270395.1	0	0	0
KI270396.1	0	0	0
KI270411.1	0	0	0
KI270412.1	0	0	0
KI270414.1	0	0	0
KI270417.1	0	0	0
KI270418.1	0	0	0
KI270419.1	0	0	0
KI270420.1	0	0	0
KI270422.1	0	0	0
KI270423.1	0	0	0
KI270424.1	0	0	0
KI270425.1	0	0	0
KI270429.1	0	0	0
KI270435.1	9	8	1
KI270438.1	3	3	0
KI270442.1	706	398	308
KI270448.1	0	0	0
KI270465.1	0	0	0
KI270466.1	0	0	0
KI270467.1	0	0	0
KI270468.1	0	0	0
KI270507.1	0	0	0
KI270508.1	0	0	0
KI270509.1	2	2	0
KI270510.1	0	0	0
KI270511.1	0	0	0
KI270512.1	0	0	0
KI270515.1	0	0	0
KI270516.1	0	0	0
KI270517.1	0	0	0
KI270518.1	0	0	0
KI270519.1	0	0	0
KI270521.1	0	0	0
KI270522.1	0	0	0
KI270528.1	0	0	0
KI270529.1	0	0	0
KI270530.1	0	0	0
KI270538.1	0	0	0
KI270539.1	0	0	0
KI270544.1	0	0	0
KI270548.1	0	0	0
KI270579.1	0	0	0
KI270580.1	0	0	0
KI270581.1	3	0	3
KI270582.1	0	0	0
KI270583.1	0	0	0
KI270584.1	0	0	0
KI270587.1	0	0	0
KI270588.1	0	0	0
KI270589.1	2	0	2
KI270590.1	2	2	0
KI270591.1	1	0	1
KI270593.1	0	0	0
KI270706.1	942	755	187
KI270707.1	59	47	12
KI270708.1	19	9	10
KI270709.1	1	0	1
KI270710.1	1	1	0
KI270711.1	4545	99	4446
KI270712.1	253	109	144
KI270713.1	68	34	34
KI270714.1	371	4	367
KI270715.1	0	0	0
KI270716.1	0	0	0
KI270717.1	2	2	0
KI270718.1	250	98	152
KI270719.1	305	95	210
KI270720.1	935	43	892
KI270721.1	323	293	30
KI270722.1	89	81	8
KI270723.1	9	9	0
KI270724.1	8	1	7
KI270725.1	9	6	3
KI270726.1	1907	577	1330
KI270727.1	170	11	159
KI270728.1	639	448	191
KI270729.1	3	2	1
KI270730.1	1	0	1
KI270731.1	172	67	105
KI270732.1	0	0	0
KI270733.1	401277	391278	9999
KI270734.1	259	171	88
KI270735.1	1	0	1
KI270736.1	3	1	2
KI270737.1	1	0	1
KI270738.1	9	8	1
KI270739.1	0	0	0
KI270740.1	0	0	0
KI270741.1	806	797	9
KI270742.1	670	212	458
KI270743.1	722	388	334
KI270744.1	5624	503	5121
KI270745.1	291	289	2
KI270746.1	10	3	7
KI270747.1	0	0	0
KI270748.1	15	15	0
KI270749.1	6	3	3
KI270750.1	7	1	6
KI270751.1	971	804	167
KI270752.1	0	0	0
KI270753.1	0	0	0
KI270754.1	33	1	32
KI270755.1	0	0	0
KI270756.1	0	0	0
KI270757.1	4	4	0
chr1	5293804	2401496	2892308
chr10	1594143	877529	716614
chr11	2442926	1154946	1287980
chr12	2795324	1464285	1331039
chr13	695588	320672	374916
chr14	1531618	684179	847439
chr15	1367809	667600	700209
chr16	1813915	1004888	809027
chr17	3213935	1513032	1700903
chr18	572795	234118	338677
chr19	2547362	1445271	1102091
chr2	3358607	1812431	1546176
chr20	1117868	669630	448238
chr21	958809	735739	223070
chr22	865988	451357	414631
chr3	2172774	1068713	1104061
chr4	1552230	782504	769726
chr5	2159637	1204102	955535
chr6	2125068	1045425	1079643
chr7	3048975	1388682	1660293
chr8	1339424	563412	776012
chr9	1715303	847278	868025
chrM	1828462	1720734	107728
chrX	1371314	656010	715304
chrY	26150	5470	20680
