GL000008.2	709	537	172
GL000009.2	973	231	742
GL000194.1	1007	26	981
GL000195.1	1782	699	1083
GL000205.2	1611	72	1539
GL000208.1	2	0	2
GL000213.1	8	0	8
GL000214.1	1717	319	1398
GL000216.2	0	0	0
GL000218.1	899	16	883
GL000219.1	1536	193	1343
GL000220.1	494135	484905	9230
GL000221.1	237	96	141
GL000224.1	329	302	27
GL000225.1	1	1	0
GL000226.1	0	0	0
KI270302.1	0	0	0
KI270303.1	0	0	0
KI270304.1	0	0	0
KI270305.1	0	0	0
KI270310.1	0	0	0
KI270311.1	0	0	0
KI270312.1	0	0	0
KI270315.1	0	0	0
KI270316.1	0	0	0
KI270317.1	0	0	0
KI270320.1	0	0	0
KI270322.1	0	0	0
KI270329.1	0	0	0
KI270330.1	3	3	0
KI270333.1	0	0	0
KI270334.1	0	0	0
KI270335.1	0	0	0
KI270336.1	0	0	0
KI270337.1	0	0	0
KI270338.1	0	0	0
KI270340.1	0	0	0
KI270362.1	0	0	0
KI270363.1	0	0	0
KI270364.1	0	0	0
KI270366.1	0	0	0
KI270371.1	0	0	0
KI270372.1	0	0	0
KI270373.1	0	0	0
KI270374.1	0	0	0
KI270375.1	0	0	0
KI270376.1	0	0	0
KI270378.1	0	0	0
KI270379.1	0	0	0
KI270381.1	0	0	0
KI270382.1	0	0	0
KI270383.1	0	0	0
KI270384.1	0	0	0
KI270385.1	0	0	0
KI270386.1	0	0	0
KI270387.1	0	0	0
KI270388.1	0	0	0
KI270389.1	0	0	0
KI270390.1	0	0	0
KI270391.1	0	0	0
KI270392.1	0	0	0
KI270393.1	0	0	0
KI270394.1	0	0	0
KI270395.1	0	0	0
KI270396.1	0	0	0
KI270411.1	0	0	0
KI270412.1	0	0	0
KI270414.1	0	0	0
KI270417.1	0	0	0
KI270418.1	0	0	0
KI270419.1	0	0	0
KI270420.1	0	0	0
KI270422.1	0	0	0
KI270423.1	0	0	0
KI270424.1	0	0	0
KI270425.1	0	0	0
KI270429.1	0	0	0
KI270435.1	5	4	1
KI270438.1	6	1	5
KI270442.1	305	154	151
KI270448.1	0	0	0
KI270465.1	0	0	0
KI270466.1	0	0	0
KI270467.1	0	0	0
KI270468.1	0	0	0
KI270507.1	0	0	0
KI270508.1	0	0	0
KI270509.1	0	0	0
KI270510.1	0	0	0
KI270511.1	0	0	0
KI270512.1	0	0	0
KI270515.1	0	0	0
KI270516.1	0	0	0
KI270517.1	0	0	0
KI270518.1	0	0	0
KI270519.1	3	0	3
KI270521.1	0	0	0
KI270522.1	0	0	0
KI270528.1	0	0	0
KI270529.1	0	0	0
KI270530.1	0	0	0
KI270538.1	0	0	0
KI270539.1	0	0	0
KI270544.1	0	0	0
KI270548.1	0	0	0
KI270579.1	0	0	0
KI270580.1	0	0	0
KI270581.1	1	0	1
KI270582.1	0	0	0
KI270583.1	1	0	1
KI270584.1	0	0	0
KI270587.1	0	0	0
KI270588.1	0	0	0
KI270589.1	2	0	2
KI270590.1	1	1	0
KI270591.1	0	0	0
KI270593.1	1	0	1
KI270706.1	877	719	158
KI270707.1	18	13	5
KI270708.1	3	1	2
KI270709.1	0	0	0
KI270710.1	0	0	0
KI270711.1	1648	21	1627
KI270712.1	311	108	203
KI270713.1	84	74	10
KI270714.1	434	2	432
KI270715.1	0	0	0
KI270716.1	0	0	0
KI270717.1	0	0	0
KI270718.1	106	44	62
KI270719.1	208	31	177
KI270720.1	612	26	586
KI270721.1	533	303	230
KI270722.1	49	39	10
KI270723.1	7	7	0
KI270724.1	9	0	9
KI270725.1	3	3	0
KI270726.1	1516	580	936
KI270727.1	65	5	60
KI270728.1	334	211	123
KI270729.1	0	0	0
KI270730.1	0	0	0
KI270731.1	107	71	36
KI270732.1	0	0	0
KI270733.1	435214	427617	7597
KI270734.1	315	191	124
KI270735.1	0	0	0
KI270736.1	0	0	0
KI270737.1	0	0	0
KI270738.1	0	0	0
KI270739.1	0	0	0
KI270740.1	0	0	0
KI270741.1	486	486	0
KI270742.1	468	164	304
KI270743.1	548	293	255
KI270744.1	2957	325	2632
KI270745.1	226	221	5
KI270746.1	3	0	3
KI270747.1	1	0	1
KI270748.1	18	13	5
KI270749.1	4	4	0
KI270750.1	2	2	0
KI270751.1	827	671	156
KI270752.1	1	1	0
KI270753.1	0	0	0
KI270754.1	13	0	13
KI270755.1	0	0	0
KI270756.1	0	0	0
KI270757.1	3	3	0
chr1	3877975	1768335	2109640
chr10	1069572	603791	465781
chr11	2139369	930927	1208442
chr12	2120921	1141275	979646
chr13	433117	204988	228129
chr14	1319077	733144	585933
chr15	1006099	440920	565179
chr16	1507517	815889	691628
chr17	2517193	1235006	1282187
chr18	356978	131130	225848
chr19	2530369	1439368	1091001
chr2	2175837	1230969	944868
chr20	1054802	697755	357047
chr21	882675	723226	159449
chr22	714926	336081	378845
chr3	1616268	797630	818638
chr4	1017700	524732	492968
chr5	1506635	750670	755965
chr6	1803660	824519	979141
chr7	2018380	965567	1052813
chr8	1030709	355249	675460
chr9	1412008	703610	708398
chrM	2274243	2233006	41237
chrX	1031712	510683	521029
chrY	36001	3448	32553
