GL000008.2	733	548	185
GL000009.2	1129	285	844
GL000194.1	1557	40	1517
GL000195.1	4099	1911	2188
GL000205.2	3564	111	3453
GL000208.1	3	0	3
GL000213.1	11	2	9
GL000214.1	2979	369	2610
GL000216.2	7	5	2
GL000218.1	1037	25	1012
GL000219.1	2202	232	1970
GL000220.1	577553	562186	15367
GL000221.1	373	198	175
GL000224.1	483	419	64
GL000225.1	7	7	0
GL000226.1	0	0	0
KI270302.1	0	0	0
KI270303.1	0	0	0
KI270304.1	0	0	0
KI270305.1	0	0	0
KI270310.1	0	0	0
KI270311.1	0	0	0
KI270312.1	0	0	0
KI270315.1	0	0	0
KI270316.1	0	0	0
KI270317.1	0	0	0
KI270320.1	0	0	0
KI270322.1	0	0	0
KI270329.1	0	0	0
KI270330.1	1	1	0
KI270333.1	0	0	0
KI270334.1	0	0	0
KI270335.1	0	0	0
KI270336.1	0	0	0
KI270337.1	0	0	0
KI270338.1	0	0	0
KI270340.1	0	0	0
KI270362.1	0	0	0
KI270363.1	0	0	0
KI270364.1	0	0	0
KI270366.1	0	0	0
KI270371.1	0	0	0
KI270372.1	0	0	0
KI270373.1	1	0	1
KI270374.1	0	0	0
KI270375.1	0	0	0
KI270376.1	0	0	0
KI270378.1	0	0	0
KI270379.1	0	0	0
KI270381.1	0	0	0
KI270382.1	0	0	0
KI270383.1	0	0	0
KI270384.1	0	0	0
KI270385.1	0	0	0
KI270386.1	0	0	0
KI270387.1	0	0	0
KI270388.1	0	0	0
KI270389.1	0	0	0
KI270390.1	0	0	0
KI270391.1	0	0	0
KI270392.1	0	0	0
KI270393.1	0	0	0
KI270394.1	0	0	0
KI270395.1	0	0	0
KI270396.1	0	0	0
KI270411.1	0	0	0
KI270412.1	0	0	0
KI270414.1	0	0	0
KI270417.1	0	0	0
KI270418.1	0	0	0
KI270419.1	0	0	0
KI270420.1	0	0	0
KI270422.1	0	0	0
KI270423.1	0	0	0
KI270424.1	0	0	0
KI270425.1	0	0	0
KI270429.1	0	0	0
KI270435.1	14	14	0
KI270438.1	4	3	1
KI270442.1	706	451	255
KI270448.1	0	0	0
KI270465.1	0	0	0
KI270466.1	0	0	0
KI270467.1	0	0	0
KI270468.1	0	0	0
KI270507.1	0	0	0
KI270508.1	0	0	0
KI270509.1	0	0	0
KI270510.1	0	0	0
KI270511.1	0	0	0
KI270512.1	0	0	0
KI270515.1	0	0	0
KI270516.1	0	0	0
KI270517.1	0	0	0
KI270518.1	0	0	0
KI270519.1	1	0	1
KI270521.1	0	0	0
KI270522.1	0	0	0
KI270528.1	0	0	0
KI270529.1	0	0	0
KI270530.1	0	0	0
KI270538.1	0	0	0
KI270539.1	0	0	0
KI270544.1	0	0	0
KI270548.1	0	0	0
KI270579.1	0	0	0
KI270580.1	0	0	0
KI270581.1	1	0	1
KI270582.1	0	0	0
KI270583.1	1	0	1
KI270584.1	0	0	0
KI270587.1	0	0	0
KI270588.1	0	0	0
KI270589.1	0	0	0
KI270590.1	0	0	0
KI270591.1	0	0	0
KI270593.1	0	0	0
KI270706.1	960	727	233
KI270707.1	55	38	17
KI270708.1	13	7	6
KI270709.1	0	0	0
KI270710.1	0	0	0
KI270711.1	4652	96	4556
KI270712.1	211	61	150
KI270713.1	59	36	23
KI270714.1	347	5	342
KI270715.1	0	0	0
KI270716.1	0	0	0
KI270717.1	6	0	6
KI270718.1	251	90	161
KI270719.1	276	100	176
KI270720.1	914	49	865
KI270721.1	308	272	36
KI270722.1	134	126	8
KI270723.1	3	2	1
KI270724.1	10	4	6
KI270725.1	1	1	0
KI270726.1	1847	500	1347
KI270727.1	125	7	118
KI270728.1	549	386	163
KI270729.1	4	2	2
KI270730.1	0	0	0
KI270731.1	206	107	99
KI270732.1	1	1	0
KI270733.1	538204	525249	12955
KI270734.1	296	188	108
KI270735.1	0	0	0
KI270736.1	0	0	0
KI270737.1	0	0	0
KI270738.1	1	1	0
KI270739.1	0	0	0
KI270740.1	0	0	0
KI270741.1	625	623	2
KI270742.1	664	236	428
KI270743.1	770	403	367
KI270744.1	4820	413	4407
KI270745.1	294	292	2
KI270746.1	11	4	7
KI270747.1	1	1	0
KI270748.1	5	5	0
KI270749.1	5	5	0
KI270750.1	3	1	2
KI270751.1	1080	909	171
KI270752.1	3	3	0
KI270753.1	1	1	0
KI270754.1	39	5	34
KI270755.1	0	0	0
KI270756.1	0	0	0
KI270757.1	5	5	0
chr1	4929114	2257977	2671137
chr10	1468267	801820	666447
chr11	2384209	1115595	1268614
chr12	2676947	1400452	1276495
chr13	619543	288738	330805
chr14	1458111	651407	806704
chr15	1296980	627962	669018
chr16	1810023	1005834	804189
chr17	3178652	1506660	1671992
chr18	504903	209757	295146
chr19	2554554	1446317	1108237
chr2	3097930	1665645	1432285
chr20	1097390	653439	443951
chr21	1132440	919637	212803
chr22	878330	452632	425698
chr3	2024356	995550	1028806
chr4	1392316	704804	687512
chr5	1996057	1103880	892177
chr6	2015908	998635	1017273
chr7	2849552	1314012	1535540
chr8	1247858	530026	717832
chr9	1648287	815760	832527
chrM	1621387	1490762	130625
chrX	1299081	622445	676636
chrY	25778	5031	20747
