GL000008.2	770	591	179
GL000009.2	1075	236	839
GL000194.1	1652	41	1611
GL000195.1	4562	2221	2341
GL000205.2	3862	126	3736
GL000208.1	0	0	0
GL000213.1	8	1	7
GL000214.1	3237	329	2908
GL000216.2	7	0	7
GL000218.1	1083	66	1017
GL000219.1	2310	231	2079
GL000220.1	295920	287199	8721
GL000221.1	302	164	138
GL000224.1	634	545	89
GL000225.1	5	3	2
GL000226.1	0	0	0
KI270302.1	0	0	0
KI270303.1	0	0	0
KI270304.1	0	0	0
KI270305.1	0	0	0
KI270310.1	0	0	0
KI270311.1	0	0	0
KI270312.1	0	0	0
KI270315.1	0	0	0
KI270316.1	0	0	0
KI270317.1	0	0	0
KI270320.1	0	0	0
KI270322.1	0	0	0
KI270329.1	0	0	0
KI270330.1	0	0	0
KI270333.1	0	0	0
KI270334.1	0	0	0
KI270335.1	0	0	0
KI270336.1	0	0	0
KI270337.1	0	0	0
KI270338.1	0	0	0
KI270340.1	0	0	0
KI270362.1	0	0	0
KI270363.1	0	0	0
KI270364.1	0	0	0
KI270366.1	0	0	0
KI270371.1	0	0	0
KI270372.1	0	0	0
KI270373.1	0	0	0
KI270374.1	0	0	0
KI270375.1	0	0	0
KI270376.1	0	0	0
KI270378.1	0	0	0
KI270379.1	0	0	0
KI270381.1	0	0	0
KI270382.1	0	0	0
KI270383.1	0	0	0
KI270384.1	0	0	0
KI270385.1	0	0	0
KI270386.1	0	0	0
KI270387.1	0	0	0
KI270388.1	0	0	0
KI270389.1	0	0	0
KI270390.1	0	0	0
KI270391.1	0	0	0
KI270392.1	0	0	0
KI270393.1	0	0	0
KI270394.1	0	0	0
KI270395.1	0	0	0
KI270396.1	0	0	0
KI270411.1	0	0	0
KI270412.1	0	0	0
KI270414.1	0	0	0
KI270417.1	0	0	0
KI270418.1	0	0	0
KI270419.1	0	0	0
KI270420.1	0	0	0
KI270422.1	0	0	0
KI270423.1	0	0	0
KI270424.1	0	0	0
KI270425.1	0	0	0
KI270429.1	0	0	0
KI270435.1	4	4	0
KI270438.1	1	0	1
KI270442.1	668	422	246
KI270448.1	0	0	0
KI270465.1	0	0	0
KI270466.1	0	0	0
KI270467.1	0	0	0
KI270468.1	0	0	0
KI270507.1	0	0	0
KI270508.1	0	0	0
KI270509.1	0	0	0
KI270510.1	0	0	0
KI270511.1	0	0	0
KI270512.1	1	0	1
KI270515.1	0	0	0
KI270516.1	0	0	0
KI270517.1	0	0	0
KI270518.1	0	0	0
KI270519.1	0	0	0
KI270521.1	0	0	0
KI270522.1	0	0	0
KI270528.1	0	0	0
KI270529.1	0	0	0
KI270530.1	0	0	0
KI270538.1	0	0	0
KI270539.1	0	0	0
KI270544.1	0	0	0
KI270548.1	0	0	0
KI270579.1	0	0	0
KI270580.1	0	0	0
KI270581.1	1	0	1
KI270582.1	0	0	0
KI270583.1	0	0	0
KI270584.1	3	3	0
KI270587.1	0	0	0
KI270588.1	0	0	0
KI270589.1	1	0	1
KI270590.1	0	0	0
KI270591.1	0	0	0
KI270593.1	0	0	0
KI270706.1	873	697	176
KI270707.1	47	41	6
KI270708.1	9	2	7
KI270709.1	0	0	0
KI270710.1	0	0	0
KI270711.1	4601	98	4503
KI270712.1	228	98	130
KI270713.1	82	66	16
KI270714.1	368	6	362
KI270715.1	0	0	0
KI270716.1	0	0	0
KI270717.1	5	5	0
KI270718.1	292	91	201
KI270719.1	255	87	168
KI270720.1	852	36	816
KI270721.1	539	487	52
KI270722.1	81	75	6
KI270723.1	4	3	1
KI270724.1	10	2	8
KI270725.1	8	6	2
KI270726.1	1929	644	1285
KI270727.1	156	13	143
KI270728.1	581	397	184
KI270729.1	4	1	3
KI270730.1	0	0	0
KI270731.1	191	93	98
KI270732.1	0	0	0
KI270733.1	276792	269444	7348
KI270734.1	350	230	120
KI270735.1	0	0	0
KI270736.1	0	0	0
KI270737.1	0	0	0
KI270738.1	2	2	0
KI270739.1	0	0	0
KI270740.1	0	0	0
KI270741.1	795	791	4
KI270742.1	661	230	431
KI270743.1	715	419	296
KI270744.1	5288	407	4881
KI270745.1	317	314	3
KI270746.1	10	4	6
KI270747.1	0	0	0
KI270748.1	10	9	1
KI270749.1	5	4	1
KI270750.1	5	3	2
KI270751.1	891	744	147
KI270752.1	2	2	0
KI270753.1	0	0	0
KI270754.1	42	3	39
KI270755.1	2	2	0
KI270756.1	0	0	0
KI270757.1	5	5	0
chr1	5431812	2495520	2936292
chr10	1610373	884764	725609
chr11	2640349	1238347	1402002
chr12	2972607	1554856	1417751
chr13	679774	317233	362541
chr14	1588898	709964	878934
chr15	1421817	687473	734344
chr16	2005934	1115518	890416
chr17	3536593	1668007	1868586
chr18	559534	229623	329911
chr19	2884113	1635953	1248160
chr2	3388393	1828876	1559517
chr20	1216873	730236	486637
chr21	777811	551520	226291
chr22	973107	501862	471245
chr3	2231745	1095628	1136117
chr4	1525139	766000	759139
chr5	2178793	1196367	982426
chr6	2237664	1104666	1132998
chr7	3181116	1455674	1725442
chr8	1354452	570986	783466
chr9	1827479	906167	921312
chrM	1793417	1687397	106020
chrX	1428776	685542	743234
chrY	29489	5776	23713
