GL000008.2	853	668	185
GL000009.2	1142	214	928
GL000194.1	1523	35	1488
GL000195.1	3955	1847	2108
GL000205.2	3314	76	3238
GL000208.1	4	2	2
GL000213.1	11	0	11
GL000214.1	2372	307	2065
GL000216.2	1	0	1
GL000218.1	994	32	962
GL000219.1	2114	190	1924
GL000220.1	459159	450334	8825
GL000221.1	315	162	153
GL000224.1	577	532	45
GL000225.1	4	3	1
GL000226.1	0	0	0
KI270302.1	0	0	0
KI270303.1	0	0	0
KI270304.1	0	0	0
KI270305.1	0	0	0
KI270310.1	0	0	0
KI270311.1	0	0	0
KI270312.1	0	0	0
KI270315.1	0	0	0
KI270316.1	0	0	0
KI270317.1	0	0	0
KI270320.1	0	0	0
KI270322.1	0	0	0
KI270329.1	0	0	0
KI270330.1	6	4	2
KI270333.1	0	0	0
KI270334.1	0	0	0
KI270335.1	0	0	0
KI270336.1	0	0	0
KI270337.1	0	0	0
KI270338.1	0	0	0
KI270340.1	0	0	0
KI270362.1	0	0	0
KI270363.1	0	0	0
KI270364.1	0	0	0
KI270366.1	2	0	2
KI270371.1	0	0	0
KI270372.1	0	0	0
KI270373.1	0	0	0
KI270374.1	0	0	0
KI270375.1	0	0	0
KI270376.1	0	0	0
KI270378.1	0	0	0
KI270379.1	0	0	0
KI270381.1	0	0	0
KI270382.1	0	0	0
KI270383.1	0	0	0
KI270384.1	0	0	0
KI270385.1	0	0	0
KI270386.1	0	0	0
KI270387.1	0	0	0
KI270388.1	0	0	0
KI270389.1	0	0	0
KI270390.1	0	0	0
KI270391.1	0	0	0
KI270392.1	0	0	0
KI270393.1	0	0	0
KI270394.1	0	0	0
KI270395.1	0	0	0
KI270396.1	0	0	0
KI270411.1	0	0	0
KI270412.1	0	0	0
KI270414.1	0	0	0
KI270417.1	0	0	0
KI270418.1	0	0	0
KI270419.1	0	0	0
KI270420.1	0	0	0
KI270422.1	0	0	0
KI270423.1	0	0	0
KI270424.1	0	0	0
KI270425.1	0	0	0
KI270429.1	0	0	0
KI270435.1	22	22	0
KI270438.1	1	1	0
KI270442.1	465	263	202
KI270448.1	0	0	0
KI270465.1	0	0	0
KI270466.1	0	0	0
KI270467.1	0	0	0
KI270468.1	0	0	0
KI270507.1	0	0	0
KI270508.1	0	0	0
KI270509.1	0	0	0
KI270510.1	0	0	0
KI270511.1	0	0	0
KI270512.1	0	0	0
KI270515.1	0	0	0
KI270516.1	0	0	0
KI270517.1	0	0	0
KI270518.1	0	0	0
KI270519.1	4	1	3
KI270521.1	0	0	0
KI270522.1	0	0	0
KI270528.1	0	0	0
KI270529.1	0	0	0
KI270530.1	0	0	0
KI270538.1	0	0	0
KI270539.1	0	0	0
KI270544.1	0	0	0
KI270548.1	0	0	0
KI270579.1	0	0	0
KI270580.1	0	0	0
KI270581.1	0	0	0
KI270582.1	0	0	0
KI270583.1	0	0	0
KI270584.1	1	1	0
KI270587.1	0	0	0
KI270588.1	0	0	0
KI270589.1	4	0	4
KI270590.1	1	1	0
KI270591.1	0	0	0
KI270593.1	0	0	0
KI270706.1	923	758	165
KI270707.1	45	28	17
KI270708.1	7	5	2
KI270709.1	0	0	0
KI270710.1	1	0	1
KI270711.1	3962	61	3901
KI270712.1	287	104	183
KI270713.1	44	33	11
KI270714.1	315	2	313
KI270715.1	0	0	0
KI270716.1	0	0	0
KI270717.1	4	4	0
KI270718.1	219	61	158
KI270719.1	222	61	161
KI270720.1	818	20	798
KI270721.1	303	282	21
KI270722.1	78	74	4
KI270723.1	11	10	1
KI270724.1	5	0	5
KI270725.1	5	5	0
KI270726.1	1872	608	1264
KI270727.1	121	8	113
KI270728.1	510	353	157
KI270729.1	2	1	1
KI270730.1	7	0	7
KI270731.1	137	68	69
KI270732.1	0	0	0
KI270733.1	413012	405718	7294
KI270734.1	308	201	107
KI270735.1	1	0	1
KI270736.1	0	0	0
KI270737.1	0	0	0
KI270738.1	0	0	0
KI270739.1	0	0	0
KI270740.1	0	0	0
KI270741.1	827	825	2
KI270742.1	589	206	383
KI270743.1	725	425	300
KI270744.1	5023	401	4622
KI270745.1	297	295	2
KI270746.1	2	0	2
KI270747.1	0	0	0
KI270748.1	6	6	0
KI270749.1	1	0	1
KI270750.1	1	0	1
KI270751.1	842	686	156
KI270752.1	0	0	0
KI270753.1	0	0	0
KI270754.1	32	0	32
KI270755.1	1	1	0
KI270756.1	0	0	0
KI270757.1	8	8	0
chr1	5070794	2322214	2748580
chr10	1495237	829399	665838
chr11	2479346	1155853	1323493
chr12	2788046	1460713	1327333
chr13	615507	290269	325238
chr14	1494841	691755	803086
chr15	1319884	634069	685815
chr16	1920428	1072002	848426
chr17	3339647	1572037	1767610
chr18	517752	207070	310682
chr19	2771438	1582682	1188756
chr2	3104838	1687279	1417559
chr20	1147573	693400	454173
chr21	968453	756328	212125
chr22	919594	465333	454261
chr3	2087281	1022867	1064414
chr4	1403834	705743	698091
chr5	2004440	1093458	910982
chr6	2118293	1027515	1090778
chr7	2959128	1349751	1609377
chr8	1254544	513831	740713
chr9	1719375	848712	870663
chrM	1547580	1470615	76965
chrX	1327977	635110	692867
chrY	28949	4990	23959
