rRNA/chr1/143439604/143439714/+/ENST00000517021.2/rRNA/ENSG00000252830.2/RNA5SP533	0	0	0
rRNA/chr1/144265216/144265326/+/ENST00000621941.1/rRNA/ENSG00000276442.1/RNA5SP529	0	0	0
rRNA/chr1/146539540/146539663/-/ENST00000622298.1/rRNA/ENSG00000274408.1/RNA5SP536	0	0	0
rRNA/chr1/182944364/182944490/-/ENST00000362967.1/rRNA/ENSG00000199837.1/RNA5SP71	0	0	0
rRNA/chr1/207708897/207708981/-/ENST00000618635.1/rRNA/ENSG00000274059.1/RNA5SP534	0	0	0
rRNA/chr1/228610267/228610386/-/ENST00000362482.1/rRNA/ENSG00000199352.1/RNA5S1	0	0	0
rRNA/chr1/228612508/228612627/-/ENST00000364718.1/rRNA/ENSG00000201588.1/RNA5S2	0	0	0
rRNA/chr1/228614749/228614868/-/ENST00000362467.1/rRNA/ENSG00000199337.1/RNA5S3	0	0	0
rRNA/chr1/228616990/228617109/-/ENST00000363511.1/rRNA/ENSG00000200381.1/RNA5S4	0	0	0
rRNA/chr1/228619231/228619350/-/ENST00000362526.1/rRNA/ENSG00000199396.1/RNA5S5	0	0	0
rRNA/chr1/228621446/228621565/-/ENST00000363754.1/rRNA/ENSG00000200624.1/RNA5S6	0	0	0
rRNA/chr1/228623666/228623785/-/ENST00000365651.1/rRNA/ENSG00000202521.1/RNA5S7	0	0	0
rRNA/chr1/228625908/228626027/-/ENST00000363473.1/rRNA/ENSG00000200343.1/RNA5S8	0	0	0
rRNA/chr1/228628147/228628266/-/ENST00000364451.1/rRNA/ENSG00000201321.1/RNA5S9	0	0	0
rRNA/chr1/228630389/228630508/-/ENST00000363040.1/rRNA/ENSG00000199910.1/RNA5S10	0	0	0
rRNA/chr1/228632630/228632749/-/ENST00000362464.1/rRNA/ENSG00000199334.1/RNA5S11	0	0	0
rRNA/chr1/228634870/228634989/-/ENST00000362400.1/rRNA/ENSG00000199270.1/RNA5S12	0	0	0
rRNA/chr1/228637095/228637214/-/ENST00000365656.1/rRNA/ENSG00000202526.1/RNA5S13	0	0	0
rRNA/chr1/228639336/228639455/-/ENST00000364485.1/rRNA/ENSG00000201355.1/RNA5S14	0	0	0
rRNA/chr1/228641567/228641686/-/ENST00000365055.1/rRNA/ENSG00000201925.1/RNA5S15	0	0	0
rRNA/chr1/228643808/228643927/-/ENST00000365387.1/rRNA/ENSG00000202257.1/RNA5S16	0	0	0
rRNA/chr1/228646039/228646158/-/ENST00000363500.1/rRNA/ENSG00000200370.1/RNA5S17	0	0	0
rRNA/chr11/102057853/102057960/+/ENST00000617631.1/rRNA/ENSG00000274097.1/RNA5SP535	0	0	0
rRNA/chr11/74198747/74198854/-/ENST00000641250.1/rRNA/ENSG00000284736.1/RNA5SP343	0	0	0
rRNA/chr14/16057471/16057622/+/ENST00000636054.1/rRNA/ENSG00000283274.1/ABBA01010928.1	0	0	0
rRNA/chr17/37940703/37940790/-/ENST00000618379.1/rRNA/ENSG00000277488.1/AC243569.1	0	0	0
rRNA/chr17/38144200/38144287/-/ENST00000619782.1/rRNA/ENSG00000274663.1/RNA5SP526	0	0	0
rRNA/chr17/45327365/45327497/-/ENST00000363083.1/rRNA/ENSG00000199953.1/RNA5SP443	0	0	0
rRNA/chr19/7886976/7887096/-/ENST00000363030.1/rRNA/ENSG00000199900.1/RNA5SP463	0	0	0
rRNA/chr2/11561660/11561779/-/ENST00000365378.1/rRNA/ENSG00000202248.1/RNA5SP85	0	0	0
rRNA/chr2/89600570/89600680/+/ENST00000612131.1/rRNA/ENSG00000276861.1/AC006453.1	0	0	0
rRNA/chr20/29297094/29297246/-/ENST00000637374.1/rRNA/ENSG00000283568.1/ABBA01031658.1	0	0	0
rRNA/chr20/29741509/29741661/-/ENST00000638132.1/rRNA/ENSG00000283291.1/AC011850.1	0	0	0
rRNA/chr20/29874058/29874177/+/ENST00000638107.1/rRNA/ENSG00000283433.1/RNA5SP532	0	0	0
rRNA/chr20/30484924/30485076/-/ENST00000614365.1/rRNA/ENSG00000275877.1/AC018688.1	0	0	0
rRNA/chr20/30816155/30816274/-/ENST00000612928.1/rRNA/ENSG00000275305.1/RNA5SP528	0	0	0
rRNA/chr21/8212571/8212724/+/ENST00000612463.1/rRNA/ENSG00000278233.1/RNA5-8SN2	18	18	0
rRNA/chr21/8256780/8256933/+/ENST00000610460.1/rRNA/ENSG00000277739.1/FP671120.4	48	48	0
rRNA/chr21/8395606/8395759/+/ENST00000613359.1/rRNA/ENSG00000275215.1/RNA5-8SN3	25	25	0
rRNA/chr21/8439822/8439975/+/ENST00000619471.1/rRNA/ENSG00000278189.1/RNA5-8SN1	74	74	0
rRNA/chr22/11249808/11249959/-/ENST00000612732.1/rRNA/ENSG00000276871.1/AC137488.1	0	0	0
rRNA/chr3/181822871/181822990/-/ENST00000362969.1/rRNA/ENSG00000199839.1/RNA5SP150	0	0	0
rRNA/chr4/177457110/177457228/-/ENST00000365061.1/rRNA/ENSG00000201931.1/RNA5SP172	0	0	0
rRNA/chr4/67439991/67440118/+/ENST00000611169.1/rRNA/ENSG00000274759.1/RNA5SP527	0	0	0
rRNA/chr5/139012328/139012441/+/ENST00000364662.1/rRNA/ENSG00000201532.1/RNA5SP194	0	0	0
rRNA/chr6/15522194/15522300/-/ENST00000614916.1/rRNA/ENSG00000277411.1/AL021938.1	0	0	0
rRNA/chr7/152592972/152593091/-/ENST00000362534.1/rRNA/ENSG00000199404.1/RNA5SP250	0	0	0
rRNA/chr8/48316668/48316770/+/ENST00000612086.1/rRNA/ENSG00000277418.1/RNA5SP531	0	0	0
rRNA/chr9/41237439/41237557/-/ENST00000612104.1/rRNA/ENSG00000277049.1/RNA5SP530	6	5	1
rRNA/chrM/1670/3229/+/ENST00000387347.2/Mt_rRNA/ENSG00000210082.2/MT-RNR2	299568	296481	3087
rRNA/chrM/647/1601/+/ENST00000389680.2/Mt_rRNA/ENSG00000211459.2/MT-RNR1	49371	48768	603
rRNA/chrX/148008099/148008215/-/ENST00000364415.1/rRNA/ENSG00000201285.1/RNA5SP524	0	0	0
rRNA/chrX/151026294/151026406/-/ENST00000391293.1/rRNA/ENSG00000212595.1/RNA5SP525	0	0	0
rRNA/chrX/69672478/69672597/+/ENST00000606950.1/rRNA/ENSG00000272351.1/RNA5SP506	0	0	0
