GL000008.2	731	478	253
GL000009.2	870	257	613
GL000194.1	1275	41	1234
GL000195.1	3515	1577	1938
GL000205.2	3183	122	3061
GL000208.1	2	0	2
GL000213.1	6	1	5
GL000214.1	2710	302	2408
GL000216.2	5	4	1
GL000218.1	843	29	814
GL000219.1	2210	216	1994
GL000220.1	422573	411105	11468
GL000221.1	295	173	122
GL000224.1	442	383	59
GL000225.1	9	8	1
GL000226.1	0	0	0
KI270302.1	0	0	0
KI270303.1	0	0	0
KI270304.1	0	0	0
KI270305.1	0	0	0
KI270310.1	0	0	0
KI270311.1	0	0	0
KI270312.1	0	0	0
KI270315.1	0	0	0
KI270316.1	0	0	0
KI270317.1	0	0	0
KI270320.1	0	0	0
KI270322.1	0	0	0
KI270329.1	0	0	0
KI270330.1	1	1	0
KI270333.1	0	0	0
KI270334.1	0	0	0
KI270335.1	0	0	0
KI270336.1	0	0	0
KI270337.1	0	0	0
KI270338.1	0	0	0
KI270340.1	0	0	0
KI270362.1	0	0	0
KI270363.1	0	0	0
KI270364.1	0	0	0
KI270366.1	0	0	0
KI270371.1	0	0	0
KI270372.1	0	0	0
KI270373.1	0	0	0
KI270374.1	0	0	0
KI270375.1	0	0	0
KI270376.1	0	0	0
KI270378.1	0	0	0
KI270379.1	0	0	0
KI270381.1	0	0	0
KI270382.1	0	0	0
KI270383.1	0	0	0
KI270384.1	0	0	0
KI270385.1	0	0	0
KI270386.1	0	0	0
KI270387.1	0	0	0
KI270388.1	0	0	0
KI270389.1	0	0	0
KI270390.1	0	0	0
KI270391.1	0	0	0
KI270392.1	0	0	0
KI270393.1	0	0	0
KI270394.1	0	0	0
KI270395.1	0	0	0
KI270396.1	0	0	0
KI270411.1	0	0	0
KI270412.1	0	0	0
KI270414.1	0	0	0
KI270417.1	0	0	0
KI270418.1	0	0	0
KI270419.1	0	0	0
KI270420.1	0	0	0
KI270422.1	0	0	0
KI270423.1	0	0	0
KI270424.1	0	0	0
KI270425.1	0	0	0
KI270429.1	0	0	0
KI270435.1	7	6	1
KI270438.1	5	4	1
KI270442.1	665	426	239
KI270448.1	1	0	1
KI270465.1	0	0	0
KI270466.1	0	0	0
KI270467.1	1	1	0
KI270468.1	0	0	0
KI270507.1	0	0	0
KI270508.1	0	0	0
KI270509.1	0	0	0
KI270510.1	0	0	0
KI270511.1	0	0	0
KI270512.1	0	0	0
KI270515.1	0	0	0
KI270516.1	0	0	0
KI270517.1	0	0	0
KI270518.1	0	0	0
KI270519.1	0	0	0
KI270521.1	0	0	0
KI270522.1	0	0	0
KI270528.1	0	0	0
KI270529.1	0	0	0
KI270530.1	0	0	0
KI270538.1	0	0	0
KI270539.1	0	0	0
KI270544.1	0	0	0
KI270548.1	0	0	0
KI270579.1	0	0	0
KI270580.1	0	0	0
KI270581.1	0	0	0
KI270582.1	0	0	0
KI270583.1	1	0	1
KI270584.1	0	0	0
KI270587.1	0	0	0
KI270588.1	0	0	0
KI270589.1	3	0	3
KI270590.1	0	0	0
KI270591.1	0	0	0
KI270593.1	0	0	0
KI270706.1	848	638	210
KI270707.1	27	27	0
KI270708.1	10	8	2
KI270709.1	0	0	0
KI270710.1	1	0	1
KI270711.1	4555	65	4490
KI270712.1	165	80	85
KI270713.1	64	56	8
KI270714.1	374	5	369
KI270715.1	0	0	0
KI270716.1	0	0	0
KI270717.1	0	0	0
KI270718.1	200	64	136
KI270719.1	257	93	164
KI270720.1	775	43	732
KI270721.1	331	291	40
KI270722.1	54	51	3
KI270723.1	3	3	0
KI270724.1	3	0	3
KI270725.1	4	4	0
KI270726.1	1738	539	1199
KI270727.1	91	7	84
KI270728.1	553	378	175
KI270729.1	3	0	3
KI270730.1	0	0	0
KI270731.1	167	91	76
KI270732.1	0	0	0
KI270733.1	410249	400048	10201
KI270734.1	259	168	91
KI270735.1	0	0	0
KI270736.1	0	0	0
KI270737.1	1	1	0
KI270738.1	0	0	0
KI270739.1	0	0	0
KI270740.1	0	0	0
KI270741.1	639	635	4
KI270742.1	643	235	408
KI270743.1	674	357	317
KI270744.1	4980	339	4641
KI270745.1	303	301	2
KI270746.1	2	0	2
KI270747.1	0	0	0
KI270748.1	14	12	2
KI270749.1	0	0	0
KI270750.1	4	3	1
KI270751.1	1201	1088	113
KI270752.1	1	1	0
KI270753.1	0	0	0
KI270754.1	48	0	48
KI270755.1	3	3	0
KI270756.1	3	0	3
KI270757.1	0	0	0
chr1	4892445	2252775	2639670
chr10	1438483	790882	647601
chr11	2409953	1123595	1286358
chr12	2683437	1406663	1276774
chr13	594256	278072	316184
chr14	1441761	636350	805411
chr15	1274382	611512	662870
chr16	1865285	1040640	824645
chr17	3252784	1542962	1709822
chr18	487254	201034	286220
chr19	2715014	1533790	1181224
chr2	3025970	1624980	1400990
chr20	1117989	668228	449761
chr21	963333	753730	209603
chr22	907447	466087	441360
chr3	2013915	987424	1026491
chr4	1350987	681178	669809
chr5	1960597	1073397	887200
chr6	2031344	1011594	1019750
chr7	2825070	1310361	1514709
chr8	1236630	525525	711105
chr9	1659334	819281	840053
chrM	1727670	1623192	104478
chrX	1281170	622723	658447
chrY	27933	4914	23019
