GL000008.2	777	621	156
GL000009.2	1190	213	977
GL000194.1	1548	33	1515
GL000195.1	4398	2157	2241
GL000205.2	3855	152	3703
GL000208.1	3	1	2
GL000213.1	9	0	9
GL000214.1	3334	455	2879
GL000216.2	5	3	2
GL000218.1	1152	43	1109
GL000219.1	2297	185	2112
GL000220.1	321158	310562	10596
GL000221.1	373	193	180
GL000224.1	698	613	85
GL000225.1	7	7	0
GL000226.1	0	0	0
KI270302.1	0	0	0
KI270303.1	0	0	0
KI270304.1	0	0	0
KI270305.1	0	0	0
KI270310.1	0	0	0
KI270311.1	0	0	0
KI270312.1	0	0	0
KI270315.1	0	0	0
KI270316.1	0	0	0
KI270317.1	0	0	0
KI270320.1	0	0	0
KI270322.1	0	0	0
KI270329.1	0	0	0
KI270330.1	4	3	1
KI270333.1	0	0	0
KI270334.1	0	0	0
KI270335.1	0	0	0
KI270336.1	0	0	0
KI270337.1	0	0	0
KI270338.1	0	0	0
KI270340.1	0	0	0
KI270362.1	0	0	0
KI270363.1	0	0	0
KI270364.1	0	0	0
KI270366.1	0	0	0
KI270371.1	0	0	0
KI270372.1	0	0	0
KI270373.1	0	0	0
KI270374.1	0	0	0
KI270375.1	0	0	0
KI270376.1	0	0	0
KI270378.1	0	0	0
KI270379.1	0	0	0
KI270381.1	0	0	0
KI270382.1	0	0	0
KI270383.1	0	0	0
KI270384.1	0	0	0
KI270385.1	0	0	0
KI270386.1	0	0	0
KI270387.1	0	0	0
KI270388.1	0	0	0
KI270389.1	0	0	0
KI270390.1	0	0	0
KI270391.1	0	0	0
KI270392.1	0	0	0
KI270393.1	0	0	0
KI270394.1	0	0	0
KI270395.1	0	0	0
KI270396.1	0	0	0
KI270411.1	0	0	0
KI270412.1	0	0	0
KI270414.1	0	0	0
KI270417.1	0	0	0
KI270418.1	0	0	0
KI270419.1	0	0	0
KI270420.1	0	0	0
KI270422.1	0	0	0
KI270423.1	0	0	0
KI270424.1	0	0	0
KI270425.1	0	0	0
KI270429.1	0	0	0
KI270435.1	16	16	0
KI270438.1	4	4	0
KI270442.1	536	255	281
KI270448.1	0	0	0
KI270465.1	0	0	0
KI270466.1	0	0	0
KI270467.1	0	0	0
KI270468.1	0	0	0
KI270507.1	0	0	0
KI270508.1	0	0	0
KI270509.1	0	0	0
KI270510.1	0	0	0
KI270511.1	0	0	0
KI270512.1	0	0	0
KI270515.1	0	0	0
KI270516.1	0	0	0
KI270517.1	0	0	0
KI270518.1	0	0	0
KI270519.1	0	0	0
KI270521.1	0	0	0
KI270522.1	0	0	0
KI270528.1	0	0	0
KI270529.1	0	0	0
KI270530.1	0	0	0
KI270538.1	0	0	0
KI270539.1	0	0	0
KI270544.1	0	0	0
KI270548.1	0	0	0
KI270579.1	2	2	0
KI270580.1	0	0	0
KI270581.1	0	0	0
KI270582.1	0	0	0
KI270583.1	0	0	0
KI270584.1	2	2	0
KI270587.1	0	0	0
KI270588.1	0	0	0
KI270589.1	3	0	3
KI270590.1	0	0	0
KI270591.1	0	0	0
KI270593.1	0	0	0
KI270706.1	919	753	166
KI270707.1	37	27	10
KI270708.1	17	10	7
KI270709.1	5	0	5
KI270710.1	0	0	0
KI270711.1	4173	98	4075
KI270712.1	312	145	167
KI270713.1	70	53	17
KI270714.1	372	8	364
KI270715.1	0	0	0
KI270716.1	0	0	0
KI270717.1	2	2	0
KI270718.1	225	85	140
KI270719.1	248	82	166
KI270720.1	831	34	797
KI270721.1	285	266	19
KI270722.1	64	56	8
KI270723.1	11	10	1
KI270724.1	7	3	4
KI270725.1	3	3	0
KI270726.1	2050	629	1421
KI270727.1	184	10	174
KI270728.1	551	398	153
KI270729.1	2	0	2
KI270730.1	1	0	1
KI270731.1	184	91	93
KI270732.1	4	4	0
KI270733.1	291577	282581	8996
KI270734.1	267	179	88
KI270735.1	0	0	0
KI270736.1	0	0	0
KI270737.1	0	0	0
KI270738.1	5	5	0
KI270739.1	0	0	0
KI270740.1	0	0	0
KI270741.1	830	822	8
KI270742.1	664	224	440
KI270743.1	688	367	321
KI270744.1	5366	483	4883
KI270745.1	276	270	6
KI270746.1	10	3	7
KI270747.1	0	0	0
KI270748.1	14	9	5
KI270749.1	7	2	5
KI270750.1	2	2	0
KI270751.1	882	724	158
KI270752.1	2	0	2
KI270753.1	0	0	0
KI270754.1	32	0	32
KI270755.1	0	0	0
KI270756.1	0	0	0
KI270757.1	4	4	0
chr1	5410070	2457335	2952735
chr10	1612873	891012	721861
chr11	2510833	1177372	1333461
chr12	2881504	1502760	1378744
chr13	690319	322155	368164
chr14	1575424	724792	850632
chr15	1390915	671839	719076
chr16	1887051	1042886	844165
chr17	3338617	1580397	1758220
chr18	577149	231717	345432
chr19	2645901	1508882	1137019
chr2	3371772	1820677	1551095
chr20	1157099	695074	462025
chr21	801229	575788	225441
chr22	896198	457890	438308
chr3	2225129	1090927	1134202
chr4	1558321	786726	771595
chr5	2181413	1203343	978070
chr6	2208784	1068282	1140502
chr7	3069994	1402873	1667121
chr8	1349005	556222	792783
chr9	1770025	872022	898003
chrM	1829784	1731889	97895
chrX	1392854	671572	721282
chrY	27393	5330	22063
