GL000008.2	796	546	250
GL000009.2	1039	252	787
GL000194.1	1035	40	995
GL000195.1	1811	704	1107
GL000205.2	1643	67	1576
GL000208.1	0	0	0
GL000213.1	12	0	12
GL000214.1	2000	336	1664
GL000216.2	3	0	3
GL000218.1	908	23	885
GL000219.1	1550	199	1351
GL000220.1	681243	666232	15011
GL000221.1	248	127	121
GL000224.1	390	366	24
GL000225.1	1	0	1
GL000226.1	0	0	0
KI270302.1	0	0	0
KI270303.1	0	0	0
KI270304.1	0	0	0
KI270305.1	0	0	0
KI270310.1	0	0	0
KI270311.1	0	0	0
KI270312.1	0	0	0
KI270315.1	0	0	0
KI270316.1	0	0	0
KI270317.1	0	0	0
KI270320.1	0	0	0
KI270322.1	0	0	0
KI270329.1	0	0	0
KI270330.1	2	1	1
KI270333.1	0	0	0
KI270334.1	0	0	0
KI270335.1	0	0	0
KI270336.1	0	0	0
KI270337.1	0	0	0
KI270338.1	0	0	0
KI270340.1	0	0	0
KI270362.1	0	0	0
KI270363.1	0	0	0
KI270364.1	0	0	0
KI270366.1	0	0	0
KI270371.1	0	0	0
KI270372.1	0	0	0
KI270373.1	0	0	0
KI270374.1	0	0	0
KI270375.1	0	0	0
KI270376.1	0	0	0
KI270378.1	0	0	0
KI270379.1	0	0	0
KI270381.1	0	0	0
KI270382.1	0	0	0
KI270383.1	0	0	0
KI270384.1	0	0	0
KI270385.1	0	0	0
KI270386.1	0	0	0
KI270387.1	0	0	0
KI270388.1	0	0	0
KI270389.1	0	0	0
KI270390.1	0	0	0
KI270391.1	0	0	0
KI270392.1	0	0	0
KI270393.1	0	0	0
KI270394.1	0	0	0
KI270395.1	0	0	0
KI270396.1	0	0	0
KI270411.1	0	0	0
KI270412.1	0	0	0
KI270414.1	0	0	0
KI270417.1	0	0	0
KI270418.1	0	0	0
KI270419.1	0	0	0
KI270420.1	0	0	0
KI270422.1	0	0	0
KI270423.1	0	0	0
KI270424.1	0	0	0
KI270425.1	0	0	0
KI270429.1	0	0	0
KI270435.1	6	6	0
KI270438.1	4	4	0
KI270442.1	402	169	233
KI270448.1	0	0	0
KI270465.1	0	0	0
KI270466.1	0	0	0
KI270467.1	0	0	0
KI270468.1	0	0	0
KI270507.1	0	0	0
KI270508.1	0	0	0
KI270509.1	0	0	0
KI270510.1	0	0	0
KI270511.1	0	0	0
KI270512.1	1	0	1
KI270515.1	0	0	0
KI270516.1	0	0	0
KI270517.1	0	0	0
KI270518.1	0	0	0
KI270519.1	1	0	1
KI270521.1	0	0	0
KI270522.1	0	0	0
KI270528.1	0	0	0
KI270529.1	0	0	0
KI270530.1	0	0	0
KI270538.1	0	0	0
KI270539.1	0	0	0
KI270544.1	0	0	0
KI270548.1	0	0	0
KI270579.1	0	0	0
KI270580.1	0	0	0
KI270581.1	4	0	4
KI270582.1	0	0	0
KI270583.1	1	0	1
KI270584.1	1	1	0
KI270587.1	0	0	0
KI270588.1	2	2	0
KI270589.1	1	0	1
KI270590.1	0	0	0
KI270591.1	0	0	0
KI270593.1	0	0	0
KI270706.1	874	689	185
KI270707.1	30	26	4
KI270708.1	10	1	9
KI270709.1	1	0	1
KI270710.1	0	0	0
KI270711.1	1754	21	1733
KI270712.1	282	74	208
KI270713.1	42	39	3
KI270714.1	422	8	414
KI270715.1	0	0	0
KI270716.1	0	0	0
KI270717.1	1	0	1
KI270718.1	128	35	93
KI270719.1	210	29	181
KI270720.1	582	14	568
KI270721.1	536	349	187
KI270722.1	53	50	3
KI270723.1	5	5	0
KI270724.1	6	1	5
KI270725.1	7	5	2
KI270726.1	1555	558	997
KI270727.1	83	8	75
KI270728.1	375	255	120
KI270729.1	2	2	0
KI270730.1	1	0	1
KI270731.1	106	74	32
KI270732.1	0	0	0
KI270733.1	616083	603193	12890
KI270734.1	210	117	93
KI270735.1	0	0	0
KI270736.1	0	0	0
KI270737.1	0	0	0
KI270738.1	2	2	0
KI270739.1	0	0	0
KI270740.1	0	0	0
KI270741.1	503	500	3
KI270742.1	562	178	384
KI270743.1	734	399	335
KI270744.1	3187	329	2858
KI270745.1	210	208	2
KI270746.1	2	0	2
KI270747.1	0	0	0
KI270748.1	18	13	5
KI270749.1	2	2	0
KI270750.1	0	0	0
KI270751.1	962	802	160
KI270752.1	0	0	0
KI270753.1	0	0	0
KI270754.1	7	1	6
KI270755.1	1	1	0
KI270756.1	0	0	0
KI270757.1	3	3	0
chr1	3926511	1787014	2139497
chr10	1085974	610412	475562
chr11	2092256	924913	1167343
chr12	2114911	1133473	981438
chr13	452954	211590	241364
chr14	1292260	705888	586372
chr15	1014177	446420	567757
chr16	1474008	793389	680619
chr17	2480600	1220756	1259844
chr18	371185	136360	234825
chr19	2435345	1384161	1051184
chr2	2228477	1256075	972402
chr20	1036406	683285	353121
chr21	1154241	988051	166190
chr22	699039	329630	369409
chr3	1631749	803224	828525
chr4	1056042	546252	509790
chr5	1541086	774257	766829
chr6	1805484	824605	980879
chr7	2023474	961830	1061644
chr8	1045725	360888	684837
chr9	1406190	696568	709622
chrM	2435563	2376962	58601
chrX	1030011	506498	523513
chrY	35365	3532	31833
