GL000008.2	986	675	311
GL000009.2	1335	339	996
GL000194.1	1371	32	1339
GL000195.1	2562	1048	1514
GL000205.2	2140	89	2051
GL000208.1	4	0	4
GL000213.1	11	0	11
GL000214.1	2778	511	2267
GL000216.2	1	0	1
GL000218.1	1186	48	1138
GL000219.1	2010	230	1780
GL000220.1	751260	734336	16924
GL000221.1	302	137	165
GL000224.1	524	483	41
GL000225.1	1	0	1
GL000226.1	0	0	0
KI270302.1	0	0	0
KI270303.1	0	0	0
KI270304.1	0	0	0
KI270305.1	0	0	0
KI270310.1	0	0	0
KI270311.1	0	0	0
KI270312.1	0	0	0
KI270315.1	0	0	0
KI270316.1	0	0	0
KI270317.1	0	0	0
KI270320.1	0	0	0
KI270322.1	0	0	0
KI270329.1	0	0	0
KI270330.1	0	0	0
KI270333.1	0	0	0
KI270334.1	0	0	0
KI270335.1	0	0	0
KI270336.1	0	0	0
KI270337.1	0	0	0
KI270338.1	0	0	0
KI270340.1	0	0	0
KI270362.1	0	0	0
KI270363.1	0	0	0
KI270364.1	0	0	0
KI270366.1	0	0	0
KI270371.1	0	0	0
KI270372.1	0	0	0
KI270373.1	0	0	0
KI270374.1	0	0	0
KI270375.1	0	0	0
KI270376.1	0	0	0
KI270378.1	0	0	0
KI270379.1	0	0	0
KI270381.1	0	0	0
KI270382.1	0	0	0
KI270383.1	0	0	0
KI270384.1	0	0	0
KI270385.1	0	0	0
KI270386.1	0	0	0
KI270387.1	0	0	0
KI270388.1	0	0	0
KI270389.1	0	0	0
KI270390.1	0	0	0
KI270391.1	0	0	0
KI270392.1	0	0	0
KI270393.1	0	0	0
KI270394.1	0	0	0
KI270395.1	0	0	0
KI270396.1	0	0	0
KI270411.1	0	0	0
KI270412.1	0	0	0
KI270414.1	0	0	0
KI270417.1	0	0	0
KI270418.1	0	0	0
KI270419.1	0	0	0
KI270420.1	0	0	0
KI270422.1	0	0	0
KI270423.1	0	0	0
KI270424.1	0	0	0
KI270425.1	0	0	0
KI270429.1	0	0	0
KI270435.1	2	2	0
KI270438.1	3	3	0
KI270442.1	449	204	245
KI270448.1	0	0	0
KI270465.1	0	0	0
KI270466.1	0	0	0
KI270467.1	0	0	0
KI270468.1	0	0	0
KI270507.1	0	0	0
KI270508.1	0	0	0
KI270509.1	0	0	0
KI270510.1	0	0	0
KI270511.1	0	0	0
KI270512.1	0	0	0
KI270515.1	0	0	0
KI270516.1	0	0	0
KI270517.1	0	0	0
KI270518.1	0	0	0
KI270519.1	2	0	2
KI270521.1	0	0	0
KI270522.1	0	0	0
KI270528.1	0	0	0
KI270529.1	0	0	0
KI270530.1	0	0	0
KI270538.1	0	0	0
KI270539.1	0	0	0
KI270544.1	0	0	0
KI270548.1	0	0	0
KI270579.1	0	0	0
KI270580.1	2	2	0
KI270581.1	1	0	1
KI270582.1	0	0	0
KI270583.1	0	0	0
KI270584.1	1	1	0
KI270587.1	0	0	0
KI270588.1	0	0	0
KI270589.1	2	0	2
KI270590.1	0	0	0
KI270591.1	0	0	0
KI270593.1	0	0	0
KI270706.1	1252	937	315
KI270707.1	24	22	2
KI270708.1	12	4	8
KI270709.1	3	0	3
KI270710.1	5	5	0
KI270711.1	2081	28	2053
KI270712.1	461	152	309
KI270713.1	73	68	5
KI270714.1	571	11	560
KI270715.1	0	0	0
KI270716.1	0	0	0
KI270717.1	2	2	0
KI270718.1	165	74	91
KI270719.1	293	58	235
KI270720.1	820	23	797
KI270721.1	748	494	254
KI270722.1	69	67	2
KI270723.1	7	7	0
KI270724.1	7	3	4
KI270725.1	1	1	0
KI270726.1	2025	680	1345
KI270727.1	77	11	66
KI270728.1	460	342	118
KI270729.1	4	2	2
KI270730.1	0	0	0
KI270731.1	171	106	65
KI270732.1	0	0	0
KI270733.1	675899	661184	14715
KI270734.1	273	152	121
KI270735.1	1	0	1
KI270736.1	1	1	0
KI270737.1	1	1	0
KI270738.1	1	1	0
KI270739.1	0	0	0
KI270740.1	0	0	0
KI270741.1	730	727	3
KI270742.1	745	229	516
KI270743.1	897	462	435
KI270744.1	4211	499	3712
KI270745.1	299	294	5
KI270746.1	5	2	3
KI270747.1	2	1	1
KI270748.1	15	10	5
KI270749.1	5	2	3
KI270750.1	2	1	1
KI270751.1	1352	1149	203
KI270752.1	1	1	0
KI270753.1	0	0	0
KI270754.1	15	2	13
KI270755.1	1	1	0
KI270756.1	0	0	0
KI270757.1	6	6	0
chr1	5074047	2298862	2775185
chr10	1415703	794115	621588
chr11	2644836	1176875	1467961
chr12	2712806	1450224	1262582
chr13	604648	279249	325399
chr14	1655905	898864	757041
chr15	1304953	573796	731157
chr16	1856939	998020	858919
chr17	3137914	1545616	1592298
chr18	492151	181929	310222
chr19	3059230	1740123	1319107
chr2	2922830	1650006	1272824
chr20	1316704	871605	445099
chr21	1335219	1120821	214398
chr22	874874	413353	461521
chr3	2114159	1044870	1069289
chr4	1400068	725464	674604
chr5	2008860	1016279	992581
chr6	2334003	1057598	1276405
chr7	2614213	1244875	1369338
chr8	1364554	468492	896062
chr9	1807909	893803	914106
chrM	3097579	3037142	60437
chrX	1331842	655363	676479
chrY	43606	4475	39131
