GL000008.2	763	561	202
GL000009.2	907	202	705
GL000194.1	1497	41	1456
GL000195.1	4254	1939	2315
GL000205.2	3555	107	3448
GL000208.1	8	4	4
GL000213.1	11	0	11
GL000214.1	3027	356	2671
GL000216.2	5	1	4
GL000218.1	978	38	940
GL000219.1	2249	211	2038
GL000220.1	357783	348675	9108
GL000221.1	288	148	140
GL000224.1	547	501	46
GL000225.1	7	7	0
GL000226.1	0	0	0
KI270302.1	0	0	0
KI270303.1	0	0	0
KI270304.1	0	0	0
KI270305.1	0	0	0
KI270310.1	0	0	0
KI270311.1	0	0	0
KI270312.1	0	0	0
KI270315.1	0	0	0
KI270316.1	0	0	0
KI270317.1	0	0	0
KI270320.1	0	0	0
KI270322.1	0	0	0
KI270329.1	0	0	0
KI270330.1	4	4	0
KI270333.1	0	0	0
KI270334.1	0	0	0
KI270335.1	0	0	0
KI270336.1	0	0	0
KI270337.1	0	0	0
KI270338.1	0	0	0
KI270340.1	0	0	0
KI270362.1	0	0	0
KI270363.1	0	0	0
KI270364.1	0	0	0
KI270366.1	0	0	0
KI270371.1	0	0	0
KI270372.1	0	0	0
KI270373.1	0	0	0
KI270374.1	0	0	0
KI270375.1	0	0	0
KI270376.1	0	0	0
KI270378.1	0	0	0
KI270379.1	0	0	0
KI270381.1	0	0	0
KI270382.1	0	0	0
KI270383.1	0	0	0
KI270384.1	0	0	0
KI270385.1	0	0	0
KI270386.1	0	0	0
KI270387.1	0	0	0
KI270388.1	0	0	0
KI270389.1	0	0	0
KI270390.1	0	0	0
KI270391.1	0	0	0
KI270392.1	0	0	0
KI270393.1	0	0	0
KI270394.1	0	0	0
KI270395.1	0	0	0
KI270396.1	0	0	0
KI270411.1	0	0	0
KI270412.1	0	0	0
KI270414.1	0	0	0
KI270417.1	0	0	0
KI270418.1	0	0	0
KI270419.1	0	0	0
KI270420.1	0	0	0
KI270422.1	0	0	0
KI270423.1	0	0	0
KI270424.1	0	0	0
KI270425.1	0	0	0
KI270429.1	0	0	0
KI270435.1	2	2	0
KI270438.1	0	0	0
KI270442.1	562	367	195
KI270448.1	0	0	0
KI270465.1	0	0	0
KI270466.1	0	0	0
KI270467.1	0	0	0
KI270468.1	0	0	0
KI270507.1	0	0	0
KI270508.1	0	0	0
KI270509.1	0	0	0
KI270510.1	0	0	0
KI270511.1	0	0	0
KI270512.1	0	0	0
KI270515.1	0	0	0
KI270516.1	0	0	0
KI270517.1	0	0	0
KI270518.1	0	0	0
KI270519.1	0	0	0
KI270521.1	0	0	0
KI270522.1	0	0	0
KI270528.1	0	0	0
KI270529.1	0	0	0
KI270530.1	0	0	0
KI270538.1	0	0	0
KI270539.1	0	0	0
KI270544.1	0	0	0
KI270548.1	0	0	0
KI270579.1	0	0	0
KI270580.1	2	2	0
KI270581.1	3	1	2
KI270582.1	0	0	0
KI270583.1	0	0	0
KI270584.1	0	0	0
KI270587.1	0	0	0
KI270588.1	0	0	0
KI270589.1	1	0	1
KI270590.1	0	0	0
KI270591.1	0	0	0
KI270593.1	0	0	0
KI270706.1	935	741	194
KI270707.1	39	28	11
KI270708.1	4	1	3
KI270709.1	1	0	1
KI270710.1	0	0	0
KI270711.1	4859	67	4792
KI270712.1	188	94	94
KI270713.1	64	55	9
KI270714.1	361	6	355
KI270715.1	0	0	0
KI270716.1	0	0	0
KI270717.1	5	3	2
KI270718.1	220	78	142
KI270719.1	213	71	142
KI270720.1	848	42	806
KI270721.1	352	326	26
KI270722.1	59	54	5
KI270723.1	3	3	0
KI270724.1	6	1	5
KI270725.1	6	1	5
KI270726.1	1947	650	1297
KI270727.1	104	14	90
KI270728.1	510	357	153
KI270729.1	1	0	1
KI270730.1	0	0	0
KI270731.1	195	94	101
KI270732.1	1	0	1
KI270733.1	326768	319248	7520
KI270734.1	284	188	96
KI270735.1	0	0	0
KI270736.1	0	0	0
KI270737.1	1	1	0
KI270738.1	1	1	0
KI270739.1	0	0	0
KI270740.1	0	0	0
KI270741.1	766	762	4
KI270742.1	591	201	390
KI270743.1	600	314	286
KI270744.1	4813	417	4396
KI270745.1	351	349	2
KI270746.1	5	0	5
KI270747.1	0	0	0
KI270748.1	6	6	0
KI270749.1	2	1	1
KI270750.1	2	0	2
KI270751.1	906	787	119
KI270752.1	1	1	0
KI270753.1	0	0	0
KI270754.1	32	0	32
KI270755.1	0	0	0
KI270756.1	0	0	0
KI270757.1	3	3	0
chr1	5243429	2397726	2845703
chr10	1558749	856829	701920
chr11	2559959	1199886	1360073
chr12	2889316	1509655	1379661
chr13	650552	305301	345251
chr14	1531355	680058	851297
chr15	1367246	662048	705198
chr16	1962070	1093143	868927
chr17	3453115	1624689	1828426
chr18	537854	218762	319092
chr19	2826525	1603201	1223324
chr2	3267608	1766337	1501271
chr20	1182421	711125	471296
chr21	852404	635149	217255
chr22	951312	489618	461694
chr3	2155237	1058126	1097111
chr4	1468553	738577	729976
chr5	2100058	1154623	945435
chr6	2168260	1070071	1098189
chr7	3092685	1414564	1678121
chr8	1310812	551618	759194
chr9	1774783	882210	892573
chrM	1582380	1494839	87541
chrX	1385835	663690	722145
chrY	28549	5246	23303
