GL000008.2	772	588	184
GL000009.2	1291	211	1080
GL000194.1	1330	26	1304
GL000195.1	3734	1745	1989
GL000205.2	3036	88	2948
GL000208.1	0	0	0
GL000213.1	7	0	7
GL000214.1	2439	299	2140
GL000216.2	2	1	1
GL000218.1	1084	30	1054
GL000219.1	1981	146	1835
GL000220.1	450562	440695	9867
GL000221.1	266	119	147
GL000224.1	543	488	55
GL000225.1	0	0	0
GL000226.1	0	0	0
KI270302.1	0	0	0
KI270303.1	0	0	0
KI270304.1	0	0	0
KI270305.1	0	0	0
KI270310.1	0	0	0
KI270311.1	0	0	0
KI270312.1	0	0	0
KI270315.1	0	0	0
KI270316.1	0	0	0
KI270317.1	0	0	0
KI270320.1	0	0	0
KI270322.1	0	0	0
KI270329.1	0	0	0
KI270330.1	7	7	0
KI270333.1	0	0	0
KI270334.1	0	0	0
KI270335.1	0	0	0
KI270336.1	0	0	0
KI270337.1	0	0	0
KI270338.1	0	0	0
KI270340.1	0	0	0
KI270362.1	0	0	0
KI270363.1	0	0	0
KI270364.1	0	0	0
KI270366.1	0	0	0
KI270371.1	0	0	0
KI270372.1	0	0	0
KI270373.1	0	0	0
KI270374.1	0	0	0
KI270375.1	0	0	0
KI270376.1	0	0	0
KI270378.1	0	0	0
KI270379.1	0	0	0
KI270381.1	0	0	0
KI270382.1	0	0	0
KI270383.1	0	0	0
KI270384.1	0	0	0
KI270385.1	0	0	0
KI270386.1	0	0	0
KI270387.1	0	0	0
KI270388.1	0	0	0
KI270389.1	0	0	0
KI270390.1	0	0	0
KI270391.1	0	0	0
KI270392.1	0	0	0
KI270393.1	0	0	0
KI270394.1	0	0	0
KI270395.1	0	0	0
KI270396.1	0	0	0
KI270411.1	0	0	0
KI270412.1	0	0	0
KI270414.1	0	0	0
KI270417.1	0	0	0
KI270418.1	0	0	0
KI270419.1	0	0	0
KI270420.1	0	0	0
KI270422.1	0	0	0
KI270423.1	0	0	0
KI270424.1	0	0	0
KI270425.1	0	0	0
KI270429.1	0	0	0
KI270435.1	18	18	0
KI270438.1	3	3	0
KI270442.1	479	241	238
KI270448.1	0	0	0
KI270465.1	0	0	0
KI270466.1	0	0	0
KI270467.1	0	0	0
KI270468.1	0	0	0
KI270507.1	0	0	0
KI270508.1	0	0	0
KI270509.1	0	0	0
KI270510.1	0	0	0
KI270511.1	0	0	0
KI270512.1	0	0	0
KI270515.1	0	0	0
KI270516.1	0	0	0
KI270517.1	0	0	0
KI270518.1	0	0	0
KI270519.1	1	1	0
KI270521.1	0	0	0
KI270522.1	0	0	0
KI270528.1	0	0	0
KI270529.1	0	0	0
KI270530.1	0	0	0
KI270538.1	0	0	0
KI270539.1	0	0	0
KI270544.1	0	0	0
KI270548.1	0	0	0
KI270579.1	0	0	0
KI270580.1	0	0	0
KI270581.1	1	0	1
KI270582.1	0	0	0
KI270583.1	0	0	0
KI270584.1	0	0	0
KI270587.1	0	0	0
KI270588.1	0	0	0
KI270589.1	4	0	4
KI270590.1	0	0	0
KI270591.1	0	0	0
KI270593.1	0	0	0
KI270706.1	930	766	164
KI270707.1	29	24	5
KI270708.1	5	3	2
KI270709.1	1	0	1
KI270710.1	1	1	0
KI270711.1	3159	48	3111
KI270712.1	287	115	172
KI270713.1	57	37	20
KI270714.1	296	5	291
KI270715.1	0	0	0
KI270716.1	0	0	0
KI270717.1	0	0	0
KI270718.1	182	64	118
KI270719.1	257	78	179
KI270720.1	669	18	651
KI270721.1	322	295	27
KI270722.1	91	89	2
KI270723.1	8	8	0
KI270724.1	5	2	3
KI270725.1	1	1	0
KI270726.1	1844	605	1239
KI270727.1	102	1	101
KI270728.1	550	389	161
KI270729.1	2	1	1
KI270730.1	2	2	0
KI270731.1	184	93	91
KI270732.1	0	0	0
KI270733.1	415187	406539	8648
KI270734.1	276	175	101
KI270735.1	2	0	2
KI270736.1	0	0	0
KI270737.1	2	2	0
KI270738.1	0	0	0
KI270739.1	0	0	0
KI270740.1	0	0	0
KI270741.1	752	750	2
KI270742.1	549	164	385
KI270743.1	673	421	252
KI270744.1	4659	420	4239
KI270745.1	319	316	3
KI270746.1	6	0	6
KI270747.1	0	0	0
KI270748.1	12	11	1
KI270749.1	1	0	1
KI270750.1	3	3	0
KI270751.1	825	684	141
KI270752.1	0	0	0
KI270753.1	0	0	0
KI270754.1	18	2	16
KI270755.1	1	1	0
KI270756.1	0	0	0
KI270757.1	6	6	0
chr1	5012568	2300606	2711962
chr10	1465974	815234	650740
chr11	2410615	1126446	1284169
chr12	2697692	1414928	1282764
chr13	610115	287308	322807
chr14	1505996	721195	784801
chr15	1295649	615636	680013
chr16	1877240	1046069	831171
chr17	3228127	1532779	1695348
chr18	510100	201720	308380
chr19	2725921	1558474	1167447
chr2	3037796	1648778	1389018
chr20	1135520	686059	449461
chr21	944248	733167	211081
chr22	886469	441550	444919
chr3	2067644	1010691	1056953
chr4	1398585	707128	691457
chr5	1974773	1067726	907047
chr6	2097983	1008027	1089956
chr7	2827447	1299462	1527985
chr8	1250770	503377	747393
chr9	1685422	823204	862218
chrM	2040236	1939803	100433
chrX	1287305	624833	662472
chrY	28776	4682	24094
