GL000008.2	664	539	125
GL000009.2	1005	194	811
GL000194.1	1344	32	1312
GL000195.1	3847	1783	2064
GL000205.2	3285	89	3196
GL000208.1	1	0	1
GL000213.1	15	0	15
GL000214.1	2581	368	2213
GL000216.2	4	0	4
GL000218.1	981	33	948
GL000219.1	1935	172	1763
GL000220.1	428653	418253	10400
GL000221.1	278	151	127
GL000224.1	592	520	72
GL000225.1	4	3	1
GL000226.1	0	0	0
KI270302.1	0	0	0
KI270303.1	0	0	0
KI270304.1	0	0	0
KI270305.1	0	0	0
KI270310.1	0	0	0
KI270311.1	0	0	0
KI270312.1	0	0	0
KI270315.1	0	0	0
KI270316.1	0	0	0
KI270317.1	0	0	0
KI270320.1	0	0	0
KI270322.1	0	0	0
KI270329.1	0	0	0
KI270330.1	3	2	1
KI270333.1	0	0	0
KI270334.1	0	0	0
KI270335.1	0	0	0
KI270336.1	0	0	0
KI270337.1	0	0	0
KI270338.1	0	0	0
KI270340.1	0	0	0
KI270362.1	0	0	0
KI270363.1	0	0	0
KI270364.1	0	0	0
KI270366.1	0	0	0
KI270371.1	0	0	0
KI270372.1	0	0	0
KI270373.1	0	0	0
KI270374.1	0	0	0
KI270375.1	0	0	0
KI270376.1	0	0	0
KI270378.1	0	0	0
KI270379.1	0	0	0
KI270381.1	0	0	0
KI270382.1	0	0	0
KI270383.1	0	0	0
KI270384.1	0	0	0
KI270385.1	0	0	0
KI270386.1	0	0	0
KI270387.1	0	0	0
KI270388.1	0	0	0
KI270389.1	0	0	0
KI270390.1	0	0	0
KI270391.1	0	0	0
KI270392.1	0	0	0
KI270393.1	0	0	0
KI270394.1	0	0	0
KI270395.1	0	0	0
KI270396.1	0	0	0
KI270411.1	0	0	0
KI270412.1	0	0	0
KI270414.1	0	0	0
KI270417.1	0	0	0
KI270418.1	0	0	0
KI270419.1	0	0	0
KI270420.1	0	0	0
KI270422.1	0	0	0
KI270423.1	0	0	0
KI270424.1	0	0	0
KI270425.1	0	0	0
KI270429.1	0	0	0
KI270435.1	6	6	0
KI270438.1	6	5	1
KI270442.1	479	265	214
KI270448.1	0	0	0
KI270465.1	0	0	0
KI270466.1	0	0	0
KI270467.1	0	0	0
KI270468.1	0	0	0
KI270507.1	0	0	0
KI270508.1	0	0	0
KI270509.1	0	0	0
KI270510.1	0	0	0
KI270511.1	0	0	0
KI270512.1	2	0	2
KI270515.1	0	0	0
KI270516.1	0	0	0
KI270517.1	0	0	0
KI270518.1	0	0	0
KI270519.1	1	1	0
KI270521.1	0	0	0
KI270522.1	0	0	0
KI270528.1	0	0	0
KI270529.1	0	0	0
KI270530.1	0	0	0
KI270538.1	0	0	0
KI270539.1	0	0	0
KI270544.1	0	0	0
KI270548.1	0	0	0
KI270579.1	1	1	0
KI270580.1	0	0	0
KI270581.1	2	0	2
KI270582.1	0	0	0
KI270583.1	0	0	0
KI270584.1	0	0	0
KI270587.1	0	0	0
KI270588.1	0	0	0
KI270589.1	4	0	4
KI270590.1	0	0	0
KI270591.1	0	0	0
KI270593.1	0	0	0
KI270706.1	861	691	170
KI270707.1	31	25	6
KI270708.1	14	5	9
KI270709.1	0	0	0
KI270710.1	6	1	5
KI270711.1	3767	63	3704
KI270712.1	256	101	155
KI270713.1	49	36	13
KI270714.1	305	3	302
KI270715.1	0	0	0
KI270716.1	0	0	0
KI270717.1	0	0	0
KI270718.1	185	52	133
KI270719.1	224	60	164
KI270720.1	709	23	686
KI270721.1	312	286	26
KI270722.1	81	75	6
KI270723.1	3	3	0
KI270724.1	11	4	7
KI270725.1	5	4	1
KI270726.1	1788	567	1221
KI270727.1	113	8	105
KI270728.1	538	362	176
KI270729.1	5	4	1
KI270730.1	0	0	0
KI270731.1	185	97	88
KI270732.1	0	0	0
KI270733.1	394963	386545	8418
KI270734.1	273	174	99
KI270735.1	0	0	0
KI270736.1	0	0	0
KI270737.1	3	3	0
KI270738.1	1	1	0
KI270739.1	0	0	0
KI270740.1	0	0	0
KI270741.1	782	780	2
KI270742.1	492	160	332
KI270743.1	624	350	274
KI270744.1	4524	347	4177
KI270745.1	265	265	0
KI270746.1	14	2	12
KI270747.1	0	0	0
KI270748.1	11	8	3
KI270749.1	5	4	1
KI270750.1	7	2	5
KI270751.1	751	622	129
KI270752.1	0	0	0
KI270753.1	0	0	0
KI270754.1	27	1	26
KI270755.1	0	0	0
KI270756.1	0	0	0
KI270757.1	2	1	1
chr1	4880708	2232164	2648544
chr10	1438511	795263	643248
chr11	2341012	1093331	1247681
chr12	2645833	1383830	1262003
chr13	602513	283049	319464
chr14	1427419	658883	768536
chr15	1262216	606919	655297
chr16	1794601	996995	797606
chr17	3140640	1484863	1655777
chr18	503658	201501	302157
chr19	2578231	1474294	1103937
chr2	3001614	1626622	1374992
chr20	1084788	654462	430326
chr21	919161	714252	204909
chr22	855788	435401	420387
chr3	2004290	981358	1022932
chr4	1368033	689631	678402
chr5	1943355	1062363	880992
chr6	2018644	978664	1039980
chr7	2803207	1281204	1522003
chr8	1209188	496079	713109
chr9	1627786	802648	825138
chrM	1700175	1615069	85106
chrX	1263988	608355	655633
chrY	27306	4897	22409
