GL000008.2	890	640	250
GL000009.2	1126	272	854
GL000194.1	1820	35	1785
GL000195.1	4357	1955	2402
GL000205.2	3756	138	3618
GL000208.1	3	0	3
GL000213.1	10	0	10
GL000214.1	3553	456	3097
GL000216.2	0	0	0
GL000218.1	1111	38	1073
GL000219.1	2397	204	2193
GL000220.1	411408	401434	9974
GL000221.1	384	194	190
GL000224.1	499	451	48
GL000225.1	3	3	0
GL000226.1	0	0	0
KI270302.1	0	0	0
KI270303.1	0	0	0
KI270304.1	0	0	0
KI270305.1	0	0	0
KI270310.1	0	0	0
KI270311.1	0	0	0
KI270312.1	0	0	0
KI270315.1	0	0	0
KI270316.1	0	0	0
KI270317.1	0	0	0
KI270320.1	0	0	0
KI270322.1	0	0	0
KI270329.1	0	0	0
KI270330.1	4	3	1
KI270333.1	0	0	0
KI270334.1	0	0	0
KI270335.1	0	0	0
KI270336.1	0	0	0
KI270337.1	0	0	0
KI270338.1	0	0	0
KI270340.1	0	0	0
KI270362.1	0	0	0
KI270363.1	0	0	0
KI270364.1	0	0	0
KI270366.1	0	0	0
KI270371.1	0	0	0
KI270372.1	0	0	0
KI270373.1	0	0	0
KI270374.1	0	0	0
KI270375.1	0	0	0
KI270376.1	0	0	0
KI270378.1	0	0	0
KI270379.1	0	0	0
KI270381.1	0	0	0
KI270382.1	0	0	0
KI270383.1	0	0	0
KI270384.1	0	0	0
KI270385.1	0	0	0
KI270386.1	0	0	0
KI270387.1	0	0	0
KI270388.1	0	0	0
KI270389.1	0	0	0
KI270390.1	0	0	0
KI270391.1	0	0	0
KI270392.1	0	0	0
KI270393.1	0	0	0
KI270394.1	0	0	0
KI270395.1	0	0	0
KI270396.1	0	0	0
KI270411.1	0	0	0
KI270412.1	0	0	0
KI270414.1	0	0	0
KI270417.1	0	0	0
KI270418.1	0	0	0
KI270419.1	0	0	0
KI270420.1	0	0	0
KI270422.1	0	0	0
KI270423.1	0	0	0
KI270424.1	0	0	0
KI270425.1	0	0	0
KI270429.1	0	0	0
KI270435.1	11	11	0
KI270438.1	5	2	3
KI270442.1	664	427	237
KI270448.1	0	0	0
KI270465.1	0	0	0
KI270466.1	0	0	0
KI270467.1	0	0	0
KI270468.1	0	0	0
KI270507.1	0	0	0
KI270508.1	0	0	0
KI270509.1	0	0	0
KI270510.1	0	0	0
KI270511.1	0	0	0
KI270512.1	0	0	0
KI270515.1	0	0	0
KI270516.1	0	0	0
KI270517.1	0	0	0
KI270518.1	0	0	0
KI270519.1	0	0	0
KI270521.1	0	0	0
KI270522.1	0	0	0
KI270528.1	0	0	0
KI270529.1	0	0	0
KI270530.1	0	0	0
KI270538.1	0	0	0
KI270539.1	0	0	0
KI270544.1	0	0	0
KI270548.1	0	0	0
KI270579.1	1	1	0
KI270580.1	0	0	0
KI270581.1	2	0	2
KI270582.1	0	0	0
KI270583.1	0	0	0
KI270584.1	1	1	0
KI270587.1	0	0	0
KI270588.1	0	0	0
KI270589.1	4	1	3
KI270590.1	0	0	0
KI270591.1	0	0	0
KI270593.1	0	0	0
KI270706.1	1078	842	236
KI270707.1	46	38	8
KI270708.1	14	13	1
KI270709.1	0	0	0
KI270710.1	0	0	0
KI270711.1	4925	71	4854
KI270712.1	248	84	164
KI270713.1	63	46	17
KI270714.1	440	8	432
KI270715.1	0	0	0
KI270716.1	0	0	0
KI270717.1	2	2	0
KI270718.1	284	74	210
KI270719.1	257	81	176
KI270720.1	999	43	956
KI270721.1	566	544	22
KI270722.1	100	93	7
KI270723.1	10	8	2
KI270724.1	8	1	7
KI270725.1	4	4	0
KI270726.1	1999	580	1419
KI270727.1	115	8	107
KI270728.1	628	465	163
KI270729.1	3	0	3
KI270730.1	0	0	0
KI270731.1	183	90	93
KI270732.1	0	0	0
KI270733.1	376091	367431	8660
KI270734.1	311	194	117
KI270735.1	0	0	0
KI270736.1	0	0	0
KI270737.1	0	0	0
KI270738.1	3	3	0
KI270739.1	0	0	0
KI270740.1	0	0	0
KI270741.1	684	682	2
KI270742.1	718	275	443
KI270743.1	838	446	392
KI270744.1	5594	374	5220
KI270745.1	266	262	4
KI270746.1	9	3	6
KI270747.1	0	0	0
KI270748.1	11	8	3
KI270749.1	4	2	2
KI270750.1	3	0	3
KI270751.1	1284	1107	177
KI270752.1	1	1	0
KI270753.1	0	0	0
KI270754.1	53	1	52
KI270755.1	1	1	0
KI270756.1	0	0	0
KI270757.1	3	3	0
chr1	5348261	2460164	2888097
chr10	1589681	868623	721058
chr11	2602186	1218864	1383322
chr12	2921311	1526519	1394792
chr13	665017	309525	355492
chr14	1588466	707375	881091
chr15	1409080	679730	729350
chr16	2008782	1118638	890144
chr17	3493258	1653570	1839688
chr18	543378	225117	318261
chr19	2865195	1621547	1243648
chr2	3350230	1802309	1547921
chr20	1205874	719629	486245
chr21	950817	724624	226193
chr22	971855	500794	471061
chr3	2206828	1084014	1122814
chr4	1506796	762189	744607
chr5	2159264	1188167	971097
chr6	2205625	1090171	1115454
chr7	3095214	1438184	1657030
chr8	1359127	576697	782430
chr9	1804457	890597	913860
chrM	1798477	1687938	110539
chrX	1408973	676216	732757
chrY	28973	5305	23668
