GL000008.2	794	629	165
GL000009.2	1152	204	948
GL000194.1	1505	24	1481
GL000195.1	3953	1860	2093
GL000205.2	3336	104	3232
GL000208.1	0	0	0
GL000213.1	8	4	4
GL000214.1	2794	370	2424
GL000216.2	5	1	4
GL000218.1	1118	23	1095
GL000219.1	2052	177	1875
GL000220.1	499502	490203	9299
GL000221.1	285	143	142
GL000224.1	615	580	35
GL000225.1	3	3	0
GL000226.1	0	0	0
KI270302.1	0	0	0
KI270303.1	0	0	0
KI270304.1	0	0	0
KI270305.1	0	0	0
KI270310.1	0	0	0
KI270311.1	0	0	0
KI270312.1	0	0	0
KI270315.1	0	0	0
KI270316.1	0	0	0
KI270317.1	0	0	0
KI270320.1	0	0	0
KI270322.1	0	0	0
KI270329.1	0	0	0
KI270330.1	3	3	0
KI270333.1	0	0	0
KI270334.1	0	0	0
KI270335.1	0	0	0
KI270336.1	0	0	0
KI270337.1	0	0	0
KI270338.1	0	0	0
KI270340.1	0	0	0
KI270362.1	0	0	0
KI270363.1	0	0	0
KI270364.1	0	0	0
KI270366.1	0	0	0
KI270371.1	0	0	0
KI270372.1	0	0	0
KI270373.1	0	0	0
KI270374.1	0	0	0
KI270375.1	0	0	0
KI270376.1	0	0	0
KI270378.1	0	0	0
KI270379.1	0	0	0
KI270381.1	0	0	0
KI270382.1	0	0	0
KI270383.1	0	0	0
KI270384.1	0	0	0
KI270385.1	0	0	0
KI270386.1	0	0	0
KI270387.1	0	0	0
KI270388.1	0	0	0
KI270389.1	0	0	0
KI270390.1	0	0	0
KI270391.1	0	0	0
KI270392.1	0	0	0
KI270393.1	0	0	0
KI270394.1	0	0	0
KI270395.1	0	0	0
KI270396.1	0	0	0
KI270411.1	0	0	0
KI270412.1	0	0	0
KI270414.1	0	0	0
KI270417.1	0	0	0
KI270418.1	0	0	0
KI270419.1	0	0	0
KI270420.1	0	0	0
KI270422.1	0	0	0
KI270423.1	0	0	0
KI270424.1	0	0	0
KI270425.1	0	0	0
KI270429.1	0	0	0
KI270435.1	4	3	1
KI270438.1	6	5	1
KI270442.1	473	236	237
KI270448.1	0	0	0
KI270465.1	0	0	0
KI270466.1	0	0	0
KI270467.1	0	0	0
KI270468.1	0	0	0
KI270507.1	0	0	0
KI270508.1	0	0	0
KI270509.1	0	0	0
KI270510.1	0	0	0
KI270511.1	0	0	0
KI270512.1	0	0	0
KI270515.1	0	0	0
KI270516.1	0	0	0
KI270517.1	0	0	0
KI270518.1	0	0	0
KI270519.1	1	0	1
KI270521.1	0	0	0
KI270522.1	0	0	0
KI270528.1	0	0	0
KI270529.1	0	0	0
KI270530.1	0	0	0
KI270538.1	0	0	0
KI270539.1	0	0	0
KI270544.1	0	0	0
KI270548.1	0	0	0
KI270579.1	0	0	0
KI270580.1	0	0	0
KI270581.1	3	0	3
KI270582.1	0	0	0
KI270583.1	0	0	0
KI270584.1	0	0	0
KI270587.1	0	0	0
KI270588.1	0	0	0
KI270589.1	0	0	0
KI270590.1	0	0	0
KI270591.1	0	0	0
KI270593.1	0	0	0
KI270706.1	954	794	160
KI270707.1	49	44	5
KI270708.1	5	3	2
KI270709.1	0	0	0
KI270710.1	0	0	0
KI270711.1	3759	47	3712
KI270712.1	277	110	167
KI270713.1	42	30	12
KI270714.1	351	3	348
KI270715.1	0	0	0
KI270716.1	0	0	0
KI270717.1	0	0	0
KI270718.1	215	83	132
KI270719.1	302	74	228
KI270720.1	764	28	736
KI270721.1	340	310	30
KI270722.1	70	66	4
KI270723.1	9	7	2
KI270724.1	7	2	5
KI270725.1	3	3	0
KI270726.1	1857	617	1240
KI270727.1	97	3	94
KI270728.1	493	341	152
KI270729.1	4	3	1
KI270730.1	0	0	0
KI270731.1	153	82	71
KI270732.1	0	0	0
KI270733.1	462854	454869	7985
KI270734.1	250	150	100
KI270735.1	2	0	2
KI270736.1	1	0	1
KI270737.1	1	1	0
KI270738.1	1	1	0
KI270739.1	0	0	0
KI270740.1	0	0	0
KI270741.1	789	787	2
KI270742.1	563	158	405
KI270743.1	687	422	265
KI270744.1	4527	344	4183
KI270745.1	325	324	1
KI270746.1	2	0	2
KI270747.1	0	0	0
KI270748.1	8	8	0
KI270749.1	1	0	1
KI270750.1	3	0	3
KI270751.1	826	669	157
KI270752.1	0	0	0
KI270753.1	0	0	0
KI270754.1	29	2	27
KI270755.1	0	0	0
KI270756.1	0	0	0
KI270757.1	4	4	0
chr1	5048868	2312125	2736743
chr10	1481056	819166	661890
chr11	2445700	1142754	1302946
chr12	2751624	1442723	1308901
chr13	617908	290003	327905
chr14	1492742	699135	793607
chr15	1315513	628961	686552
chr16	1882470	1045954	836516
chr17	3281588	1550839	1730749
chr18	519225	206148	313077
chr19	2715113	1557195	1157918
chr2	3081464	1676734	1404730
chr20	1137247	686047	451200
chr21	1032649	822066	210583
chr22	899981	452967	447014
chr3	2077176	1019386	1057790
chr4	1402497	708101	694396
chr5	1995503	1086261	909242
chr6	2112692	1015685	1097007
chr7	2907317	1329177	1578140
chr8	1251190	507593	743597
chr9	1698705	833184	865521
chrM	1671143	1584407	86736
chrX	1309738	626957	682781
chrY	28820	4759	24061
