GL000008.2	888	717	171
GL000009.2	1358	203	1155
GL000194.1	1766	22	1744
GL000195.1	4236	1952	2284
GL000205.2	3383	126	3257
GL000208.1	2	0	2
GL000213.1	7	0	7
GL000214.1	2290	435	1855
GL000216.2	4	0	4
GL000218.1	1130	38	1092
GL000219.1	2059	171	1888
GL000220.1	516791	505941	10850
GL000221.1	307	135	172
GL000224.1	640	577	63
GL000225.1	2	2	0
GL000226.1	0	0	0
KI270302.1	0	0	0
KI270303.1	0	0	0
KI270304.1	0	0	0
KI270305.1	0	0	0
KI270310.1	0	0	0
KI270311.1	0	0	0
KI270312.1	0	0	0
KI270315.1	0	0	0
KI270316.1	0	0	0
KI270317.1	0	0	0
KI270320.1	0	0	0
KI270322.1	0	0	0
KI270329.1	0	0	0
KI270330.1	8	7	1
KI270333.1	0	0	0
KI270334.1	0	0	0
KI270335.1	0	0	0
KI270336.1	0	0	0
KI270337.1	0	0	0
KI270338.1	0	0	0
KI270340.1	0	0	0
KI270362.1	0	0	0
KI270363.1	0	0	0
KI270364.1	0	0	0
KI270366.1	0	0	0
KI270371.1	0	0	0
KI270372.1	0	0	0
KI270373.1	0	0	0
KI270374.1	0	0	0
KI270375.1	0	0	0
KI270376.1	0	0	0
KI270378.1	0	0	0
KI270379.1	0	0	0
KI270381.1	0	0	0
KI270382.1	0	0	0
KI270383.1	0	0	0
KI270384.1	0	0	0
KI270385.1	0	0	0
KI270386.1	0	0	0
KI270387.1	0	0	0
KI270388.1	0	0	0
KI270389.1	0	0	0
KI270390.1	0	0	0
KI270391.1	0	0	0
KI270392.1	0	0	0
KI270393.1	0	0	0
KI270394.1	0	0	0
KI270395.1	0	0	0
KI270396.1	0	0	0
KI270411.1	0	0	0
KI270412.1	0	0	0
KI270414.1	0	0	0
KI270417.1	0	0	0
KI270418.1	0	0	0
KI270419.1	0	0	0
KI270420.1	0	0	0
KI270422.1	0	0	0
KI270423.1	0	0	0
KI270424.1	0	0	0
KI270425.1	0	0	0
KI270429.1	0	0	0
KI270435.1	9	8	1
KI270438.1	3	2	1
KI270442.1	519	283	236
KI270448.1	0	0	0
KI270465.1	0	0	0
KI270466.1	0	0	0
KI270467.1	0	0	0
KI270468.1	0	0	0
KI270507.1	0	0	0
KI270508.1	0	0	0
KI270509.1	3	3	0
KI270510.1	0	0	0
KI270511.1	0	0	0
KI270512.1	0	0	0
KI270515.1	0	0	0
KI270516.1	0	0	0
KI270517.1	0	0	0
KI270518.1	0	0	0
KI270519.1	2	2	0
KI270521.1	0	0	0
KI270522.1	0	0	0
KI270528.1	0	0	0
KI270529.1	0	0	0
KI270530.1	0	0	0
KI270538.1	0	0	0
KI270539.1	0	0	0
KI270544.1	0	0	0
KI270548.1	0	0	0
KI270579.1	0	0	0
KI270580.1	0	0	0
KI270581.1	6	0	6
KI270582.1	0	0	0
KI270583.1	0	0	0
KI270584.1	0	0	0
KI270587.1	0	0	0
KI270588.1	4	4	0
KI270589.1	1	0	1
KI270590.1	2	2	0
KI270591.1	1	0	1
KI270593.1	0	0	0
KI270706.1	1033	882	151
KI270707.1	52	40	12
KI270708.1	9	5	4
KI270709.1	0	0	0
KI270710.1	1	1	0
KI270711.1	3857	62	3795
KI270712.1	359	129	230
KI270713.1	51	34	17
KI270714.1	309	2	307
KI270715.1	0	0	0
KI270716.1	0	0	0
KI270717.1	0	0	0
KI270718.1	190	54	136
KI270719.1	229	42	187
KI270720.1	805	23	782
KI270721.1	337	316	21
KI270722.1	129	121	8
KI270723.1	4	4	0
KI270724.1	11	1	10
KI270725.1	2	2	0
KI270726.1	1798	607	1191
KI270727.1	104	8	96
KI270728.1	627	439	188
KI270729.1	4	3	1
KI270730.1	0	0	0
KI270731.1	166	90	76
KI270732.1	0	0	0
KI270733.1	482261	472919	9342
KI270734.1	270	156	114
KI270735.1	2	0	2
KI270736.1	0	0	0
KI270737.1	2	0	2
KI270738.1	3	3	0
KI270739.1	2	2	0
KI270740.1	0	0	0
KI270741.1	824	818	6
KI270742.1	648	222	426
KI270743.1	764	481	283
KI270744.1	4713	378	4335
KI270745.1	347	346	1
KI270746.1	4	2	2
KI270747.1	0	0	0
KI270748.1	12	12	0
KI270749.1	9	9	0
KI270750.1	3	2	1
KI270751.1	849	669	180
KI270752.1	1	1	0
KI270753.1	0	0	0
KI270754.1	26	1	25
KI270755.1	2	2	0
KI270756.1	0	0	0
KI270757.1	8	5	3
chr1	4902422	2247040	2655382
chr10	1442743	797711	645032
chr11	2389408	1122567	1266841
chr12	2676377	1398370	1278007
chr13	597197	281383	315814
chr14	1454918	687281	767637
chr15	1280951	613543	667408
chr16	1872915	1043673	829242
chr17	3224951	1517896	1707055
chr18	502157	201067	301090
chr19	2698670	1543409	1155261
chr2	2981471	1621299	1360172
chr20	1116295	673308	442987
chr21	1062872	855168	207704
chr22	890975	448159	442816
chr3	2022730	993571	1029159
chr4	1361739	688875	672864
chr5	1928061	1049571	878490
chr6	2039844	981871	1057973
chr7	2863441	1310342	1553099
chr8	1217627	495170	722457
chr9	1665235	820673	844562
chrM	1515343	1432320	83023
chrX	1279669	609805	669864
chrY	28577	4767	23810
