GL000008.2	838	635	203
GL000009.2	1220	243	977
GL000194.1	1461	43	1418
GL000195.1	4113	1943	2170
GL000205.2	3325	109	3216
GL000208.1	4	0	4
GL000213.1	19	1	18
GL000214.1	3065	409	2656
GL000216.2	3	0	3
GL000218.1	1075	41	1034
GL000219.1	2059	157	1902
GL000220.1	520145	509334	10811
GL000221.1	300	131	169
GL000224.1	687	621	66
GL000225.1	1	1	0
GL000226.1	0	0	0
KI270302.1	0	0	0
KI270303.1	0	0	0
KI270304.1	0	0	0
KI270305.1	0	0	0
KI270310.1	0	0	0
KI270311.1	0	0	0
KI270312.1	0	0	0
KI270315.1	0	0	0
KI270316.1	0	0	0
KI270317.1	0	0	0
KI270320.1	0	0	0
KI270322.1	0	0	0
KI270329.1	0	0	0
KI270330.1	7	7	0
KI270333.1	0	0	0
KI270334.1	0	0	0
KI270335.1	0	0	0
KI270336.1	0	0	0
KI270337.1	0	0	0
KI270338.1	0	0	0
KI270340.1	0	0	0
KI270362.1	0	0	0
KI270363.1	0	0	0
KI270364.1	0	0	0
KI270366.1	0	0	0
KI270371.1	0	0	0
KI270372.1	0	0	0
KI270373.1	0	0	0
KI270374.1	0	0	0
KI270375.1	0	0	0
KI270376.1	0	0	0
KI270378.1	0	0	0
KI270379.1	0	0	0
KI270381.1	0	0	0
KI270382.1	0	0	0
KI270383.1	0	0	0
KI270384.1	0	0	0
KI270385.1	0	0	0
KI270386.1	0	0	0
KI270387.1	0	0	0
KI270388.1	0	0	0
KI270389.1	0	0	0
KI270390.1	0	0	0
KI270391.1	0	0	0
KI270392.1	0	0	0
KI270393.1	0	0	0
KI270394.1	0	0	0
KI270395.1	0	0	0
KI270396.1	0	0	0
KI270411.1	0	0	0
KI270412.1	0	0	0
KI270414.1	0	0	0
KI270417.1	0	0	0
KI270418.1	0	0	0
KI270419.1	0	0	0
KI270420.1	0	0	0
KI270422.1	0	0	0
KI270423.1	0	0	0
KI270424.1	0	0	0
KI270425.1	0	0	0
KI270429.1	0	0	0
KI270435.1	14	14	0
KI270438.1	5	5	0
KI270442.1	472	230	242
KI270448.1	0	0	0
KI270465.1	0	0	0
KI270466.1	0	0	0
KI270467.1	0	0	0
KI270468.1	0	0	0
KI270507.1	0	0	0
KI270508.1	0	0	0
KI270509.1	0	0	0
KI270510.1	0	0	0
KI270511.1	0	0	0
KI270512.1	0	0	0
KI270515.1	0	0	0
KI270516.1	0	0	0
KI270517.1	0	0	0
KI270518.1	0	0	0
KI270519.1	2	1	1
KI270521.1	0	0	0
KI270522.1	0	0	0
KI270528.1	0	0	0
KI270529.1	0	0	0
KI270530.1	0	0	0
KI270538.1	0	0	0
KI270539.1	0	0	0
KI270544.1	0	0	0
KI270548.1	0	0	0
KI270579.1	0	0	0
KI270580.1	0	0	0
KI270581.1	3	0	3
KI270582.1	0	0	0
KI270583.1	0	0	0
KI270584.1	2	2	0
KI270587.1	0	0	0
KI270588.1	4	4	0
KI270589.1	0	0	0
KI270590.1	0	0	0
KI270591.1	0	0	0
KI270593.1	0	0	0
KI270706.1	916	765	151
KI270707.1	43	33	10
KI270708.1	14	4	10
KI270709.1	2	0	2
KI270710.1	2	2	0
KI270711.1	3184	48	3136
KI270712.1	311	130	181
KI270713.1	50	46	4
KI270714.1	348	1	347
KI270715.1	0	0	0
KI270716.1	0	0	0
KI270717.1	1	1	0
KI270718.1	189	76	113
KI270719.1	252	71	181
KI270720.1	819	29	790
KI270721.1	304	279	25
KI270722.1	83	71	12
KI270723.1	5	5	0
KI270724.1	5	0	5
KI270725.1	3	2	1
KI270726.1	1917	593	1324
KI270727.1	127	8	119
KI270728.1	549	378	171
KI270729.1	3	0	3
KI270730.1	1	1	0
KI270731.1	155	84	71
KI270732.1	0	0	0
KI270733.1	482499	473315	9184
KI270734.1	256	168	88
KI270735.1	0	0	0
KI270736.1	0	0	0
KI270737.1	1	0	1
KI270738.1	0	0	0
KI270739.1	0	0	0
KI270740.1	0	0	0
KI270741.1	852	850	2
KI270742.1	583	200	383
KI270743.1	788	473	315
KI270744.1	5367	430	4937
KI270745.1	342	337	5
KI270746.1	5	3	2
KI270747.1	0	0	0
KI270748.1	13	12	1
KI270749.1	6	1	5
KI270750.1	3	1	2
KI270751.1	934	757	177
KI270752.1	0	0	0
KI270753.1	0	0	0
KI270754.1	34	0	34
KI270755.1	0	0	0
KI270756.1	0	0	0
KI270757.1	15	13	2
chr1	5174416	2361773	2812643
chr10	1526542	848532	678010
chr11	2440441	1143867	1296574
chr12	2761033	1445985	1315048
chr13	641006	300667	340339
chr14	1549398	741034	808364
chr15	1332237	634821	697416
chr16	1885007	1046799	838208
chr17	3253587	1550644	1702943
chr18	534742	211673	323069
chr19	2687783	1539219	1148564
chr2	3158793	1710199	1448594
chr20	1144529	691190	453339
chr21	1059809	841515	218294
chr22	885660	443648	442012
chr3	2132034	1044204	1087830
chr4	1466566	744844	721722
chr5	2054269	1119597	934672
chr6	2154695	1027811	1126884
chr7	2880253	1325879	1554374
chr8	1294184	520267	773917
chr9	1710137	832124	878013
chrM	2090622	1979249	111373
chrX	1317402	640156	677246
chrY	27989	4585	23404
